           8
   5.06142681451881295762656771549805340E-0002  0.111190517226687235272177997213120556        0.156853322938943643668981100993300957        0.181341891689180991482575224638597809        0.181341891689180991482575224638597809        0.156853322938943643668981100993300957        0.111190517226687235272177997213120556         5.06142681451881295762656771549805340E-0002
   1.98550717512318841582195657152634656E-0002  0.101666761293186630204223031762084777        0.237233795041835507091130475405376882        0.408282678752175097530261928819907966        0.591717321247824902469738071180092034        0.762766204958164492908869524594623118        0.898333238706813369795776968237915223        0.980144928248768115841780434284736534      
   2.53071340725940647881328385774904716E-0002  -9.10594330597007502136365210466430826E-0003   6.28083114703047398060942073780757158E-0003  -4.48301561305475144191331423530153078E-0003   3.07849136832677988985383064911710286E-0003  -1.91767525463695234092563511949443120E-0003   9.72757664059263526724523824088785826E-0004  -2.77508327116919222898446613780207795E-0004
   5.47593217675543202831907973850021658E-0002   5.55952586133436176360889986065603260E-0002  -1.36397962357816692530306620699761812E-0002   8.14970885836055053604042748372923349E-0003  -5.21535208914715338024336977463769605E-0003   3.13975298546366894234500690115630133E-0003  -1.56493491094894237579511140443044762E-0003   4.42802304342237815626944634681055916E-0004
   4.85875359989128809431601473474386613E-0002  0.120859524997173167441653743003485143         7.84266614694718218344905504966502377E-0002  -1.59751033618784314756701138556964706E-0002   8.37173272022616378691032206439057649E-0003  -4.64346586210447979012617007024470732E-0003   2.22571477528489971831530140789316989E-0003  -6.18805695250515367603304988539764946E-0004
   5.18655209705812345653120779649665954E-0002  0.106193490148348406878869450082582807        0.170671134274553621284710784603994037         9.06709458445904957412876123192987601E-0002  -1.60210413210250131687052177938008562E-0002   7.24120656122226986180306301493883567E-0003  -3.19781431036077032248274309542093735E-0003   8.59236584264852689466901723348636407E-0004
   4.97550315609232768867987754316320060E-0002  0.114388331537048005594660740308541768        0.149612116377721373807178037978361800        0.197362933010206004651280442432398834         9.06709458445904957412876123192987480E-0002  -1.38178113356099776157296836106934664E-0002   4.99702707833882839330854713053804224E-0003  -1.25125282539310498904640080998583531E-0003
   5.12330738404386449438689821435203550E-0002  0.108964802451402335553862695805227543        0.161496788801048123459107271063545499        0.172970158968954827695664902574207162        0.197316995051059422958245338494294572         7.84266614694718218344905504966498044E-0002  -9.66900777048593216947574579036432663E-0003   2.02673214627524863310552980754221869E-0003
   5.01714658408458917606387325202994798E-0002  0.112755452137636177647973108617551057        0.153713569953479974726636094092144707        0.186557243778328144862818594413235357        0.173192182830820440946534797154868922        0.170493119174725312922011763063276795         5.55952586133436176360889986065598204E-0002  -4.14505362236619070692512023002113302E-0003
   5.08917764723050487991641237687607534E-0002  0.110217759562627971745453473389031769        0.158770998193580596009906736112795352        0.178263400320854211592721393989480815        0.185824907302235742924488538873899207        0.150572491791913169688371680255493556        0.120296460532657310293541649317784519         2.53071340725940647881328385774902670E-0002
