          10
   3.33356721543440687967844049466662189E-0002   7.47256745752902965728881698288497072E-0002  0.109543181257991021997767467114081119        0.134633359654998177545613460784734698        0.147762112357376435086946497325669201        0.147762112357376435086946497325669201        0.134633359654998177545613460784734698        0.109543181257991021997767467114081119         7.47256745752902965728881698288497072E-0002   3.33356721543440687967844049466662189E-0002
   1.30467357414141399610179939577739962E-0002   6.74683166555077446339516557882535623E-0002  0.160295215850487796882836317442563130        0.283302302935376404600367028417107908        0.425562830509184394557586999435140046        0.574437169490815605442413000564859954        0.716697697064623595399632971582892092        0.839704784149512203117163682557436870        0.932531683344492255366048344211746438        0.986953264258585860038982006042226004      
   1.66678360771720343983922024733330162E-0002  -6.12068029233502987025308987906623174E-0003   4.39200373028852221698614553887797610E-0003  -3.34535050882549470870888176133073941E-0003   2.54756897027876354904962225738171928E-0003  -1.88262038693525661085207791056828404E-0003   1.31081462770308391842832788419797711E-0003  -8.20986353138291127367521983463234834E-0004   4.17243835667835720457601113273655650E-0004  -1.19093958462027525114333774861831999E-0004
   3.60661525781943304506967868615968823E-0002   3.73628372876451482864440849144244082E-0002  -9.53137359188965945260757183913679852E-0003   6.07228446174392218489428998019613509E-0003  -4.30404581295939200907563270911146507E-0003   3.06851861086753558695384716440181490E-0003  -2.09411395745032284831574789258202701E-0003   1.29624965549819963331444499418200596E-0003  -6.54328115142468560893715735581342037E-0004   1.86135539000451362540870049864091441E-0004
   3.19991179775146101939898453822536880E-0002   8.12275701118607728515460679181317473E-0002   5.47715906289955109988837335570408125E-0002  -1.18776128915294264824282010922475626E-0002   6.87814639770714478385800606631066730E-0003  -4.50274329686185241607146970564756787E-0003   2.94087333141394952634963014459876601E-0003  -1.77613374657410074450312651393921155E-0003   8.84246091931209019529692891224077482E-0004  -2.49838753970020848317861205161995312E-0004
   3.41639921791087090319388879631190421E-0002   7.13553690746355578848296638813345260E-0002  0.119207290548758140477788951389364355         6.73166798274990887728067303923677463E-0002  -1.30965195471968997587876242976924819E-0002   6.94886598383539031062731500230086085E-0003  -4.14845352723169508779133417255615479E-0003   2.39281424177035654040595767259468145E-0003  -1.16229795133242643161918981684539447E-0003   3.24562105530182860167670403121264907E-0004
   3.27609312912844373135061555894166600E-0002   7.69022997036484359436613608768349491E-0002  0.104444079563094207185198585546973614        0.146566245550415954620379616976850650         7.38810561786882175434732486628349136E-0002  -1.31122091695853752390419769315553094E-0002   6.33145505482068380026709671442484012E-0003  -3.33810079767527560194800163458394605E-0003   1.55179916885143634252135178552099296E-0003  -4.24726034358327350430438151576484510E-0004
   3.37603981887023961472148430982428463E-0002   7.31738754064388602303668180433280069E-0002  0.112881282055666297599715468748665079        0.128301904600177493745346364070310242        0.160874321526961810325988474257224295         7.38810561786882175434732486628352506E-0002  -1.19328858954177770747661561921157964E-0002   5.09910169489681481256888156710777150E-0003  -2.17662512835813937077319104798628569E-0003   5.74740863059631483278249357249704362E-0004
   3.30111100488138859366167345435450468E-0002   7.58879725266227230045073596456947097E-0002  0.107150367016220665457361509441486224        0.138781813182229872633404794957291336        0.140813246373541044776319182323368018        0.160858631904573334845734121623361712         6.73166798274990887728067303923680833E-0002  -9.66410929076711848002148427528294645E-0003   3.37030550065473868805850594751403276E-0003  -8.28320024764640235154483016452747878E-0004
   3.35855109083140896451022661518282674E-0002   7.38414284833590875533584769376253686E-0002  0.111319315004565122742270593628020244        0.131692486323584228019263830640136111        0.152264855654238287503017967031316845        0.140883965959669290303088491259358146        0.146510972546527604028041661876982661         5.47715906289955109988837335570416671E-0002  -6.50189553657047627865789808928339050E-0003   1.33655417682945860279455956441252998E-0003
   3.31495366153436174342435348968021145E-0002   7.53800026904327651337818855644309689E-0002  0.108246931602492822364453022119898984        0.136727473612448500393929208677316911        0.144693593746508899499992650161267125        0.152066158170335827096022130034780927        0.128561075193254255360719170804538008        0.119074554849880681450375038953219159         3.73628372876451482864440849144247453E-0002  -2.73048042385026165391238191493086805E-0003
   3.34547661128060963218987387215280568E-0002   7.43084307396224608524305687155760133E-0002  0.110364167611129313125134989097544360        0.133322545027295093627185132900536775        0.149644732744311691697798575236237545        0.145214543387097671537896875068287519        0.137978710163823672254322342546065354        0.105151177527702499780781321575203358         8.08463548676253264431412597079159254E-0002   1.66678360771720343983922024733330794E-0002
