          12
   2.35876681932559135973079807425093477E-0002   5.34696629976592154801273590969970166E-0002   8.00391642716731131673262647716802080E-0002  0.101583713361532960874532227904899126        0.116746268269177404380424949462439173        0.124573522906701392500281218021475562        0.124573522906701392500281218021475562        0.116746268269177404380424949462439173        0.101583713361532960874532227904899126         8.00391642716731131673262647716802080E-0002   5.34696629976592154801273590969970166E-0002   2.35876681932559135973079807425093477E-0002
   9.21968287664037465472545492535959931E-0003   4.79413718147625716607670669404518112E-0002  0.115048662902847656481553083393591038        0.206341022856691276351648790529732850        0.316084250500909903123654231678141268        0.437383295744265542263779315268073440        0.562616704255734457736220684731926560        0.683915749499090096876345768321858684        0.793658977143308723648351209470267150        0.884951337097152343518446916606408962        0.952058628185237428339232933059548189        0.990780317123359625345274545074640401      
   1.17938340966279567986539903712542962E-0002  -4.37990215767931650940188692918276931E-0003   3.21056964125654262004469232623711395E-0003  -2.52868076291527559325483047108311898E-0003   2.02324519894856845571760672436639868E-0003  -1.60735902088665663692347356756028110E-0003   1.24774475192659582311909076184889503E-0003  -9.30499836629974148333740147760259559E-0004   6.50624788775465133900270947845370045E-0004  -4.08237882558168112866492596697974445E-0004   2.07615108480287514624040502392410915E-0004  -5.92710487056506905538129963004734377E-0005
   2.55198232326244639441836509717834053E-0002   2.67348314988296077400636795484989205E-0002  -6.96570366255593528084233870896302604E-0003   4.58737722346434400703031480933746225E-0003  -3.41487831325726315216580833366986957E-0003   2.61580117231290944435531656186259489E-0003  -1.98873604147400184383034336299980327E-0003   1.46425936525797332056119445694670845E-0003  -1.01552961889071285353932174117123912E-0003   6.33880729666708085426064346671306451E-0004  -3.21341337251878490974152992793920811E-0004   9.15875660363567404988113849493154926E-0005
   2.26415082464546978695105146203535626E-0002   5.81230577546837157157340098137833647E-0002   4.00195821358365565836631323858400679E-0002  -8.96632804601375189900412174147729758E-0003   5.44880489816575571543655014114538900E-0003  -3.82839826778209094726230524498047052E-0003   2.78156916561874812407426225463828431E-0003  -1.99435710192794323160270551931222795E-0003   1.36062625076553272030386945228065738E-0003  -8.40553839984532063258567090571898330E-0004   4.23460056141347174662230642939518403E-0004  -1.20308349110379280703786321047810346E-0004
   2.41748261226971991223159086687208764E-0002   5.10550484293886763756662871780820397E-0002   8.71038538724015915546922006176073542E-0002   5.07918566807664804372661139524494006E-0002  -1.03577470216968143616942058302071157E-0002   5.88867969618710894147918871599943625E-0003  -3.90204370620793343508578200225345176E-0003   2.66388699069817929130618710749768672E-0003  -1.76593366081374114507112195757111559E-0003   1.07205559231517493201514834145062266E-0003  -5.34534766345622524447744620771814152E-0004   1.51074627300977163206610358729110375E-0004
   2.31788873633936492342183449770825045E-0002   5.50336735248898118758263652719248057E-0002   7.63035605834845887509628990891630154E-0002  0.110596236160954295848669502387032697         5.83731341345887021902124747312198873E-0002  -1.10754199817737917021409005241807570E-0002   5.91690882965931097780777409955527787E-0003  -3.67597498519267301626859146921174900E-0003   2.31791162580606885793696566969279397E-0003  -1.36729574370243207975475896064006817E-0003   6.70629185517022286304630351349858278E-0004  -1.88000196714650100120473944846703236E-0004
   2.38920173869485934969304866741948762E-0002   5.23469042934905536104208555611427615E-0002   8.24989309275610772029278735167318720E-0002   9.67817784368590868203195880662640916E-0002  0.127125792924303086274991785688798790         6.22867614533506962501406090107375884E-0002  -1.10819177291206372873693770391851819E-0002   5.54513518951393724662614926967984523E-0003  -3.18192887322027471274651669812556281E-0003   1.78717327876101308911741172051188878E-0003  -8.53608723970616168630490286571917987E-0004   2.36257179789026441050939783894808445E-0004
   2.33514110134668871562570409586140588E-0002   5.43232717216298316487578493835695387E-0002   7.82519909929121000782088530511682751E-0002  0.104765642234753235587278744603024441        0.111201133079663467133798800192759452        0.135655440635822029787650595060660750         6.22867614533506962501406090107381541E-0002  -1.03795246551256818945668362263595026E-0002   4.80193492467387405421263983863484048E-0003  -2.45976665588796403560160874505185246E-0003   1.12275870416866186970650353585507489E-0003  -3.04349193692679899622505931686143515E-0004
   2.37756683899705636974284546873556933E-0002   5.27990338121421931938227287456475344E-0002   8.14064600153755452470810237323203691E-0002   9.92658017357268920165952622352060310E-0002  0.120422243254370077396693540931650987        0.118656614077042081522473443921920234        0.135648942888475184202422118545656515         5.83731341345887021902124747312193035E-0002  -9.01252279942133497413727448213356009E-0003   3.73560368818852441636336568251678565E-0003  -1.56401052723059639569900617492677479E-0003   4.08780829862264363089635765426125143E-0004
   2.34365935659549364341013703837800130E-0002   5.40041977640048380045751037177690604E-0002   7.89671086793579382353111164302296871E-0002  0.103349647022346702019603349862469970        0.114082381278479225089118762354941661        0.128475566612909325935367000023728823        0.118684843210514283558802029305476331        0.127104015290874218742119155292646173         5.07918566807664804372661139524499002E-0002  -7.06468960072847838736593584592758097E-0003   2.41461456827053910446107191891602939E-0003  -5.87157929441285525007927926212304208E-0004
   2.37079765423662928780117670635570424E-0002   5.30462029415178683054651284540575905E-0002   8.08797181116576452305848318622521483E-0002  0.100223087110767428154228358452618343        0.118740625371105347612027654981751428        0.121791953741082644376206955766837289        0.128401921174483483447543523266456057        0.111297463371011648664988399321293966        0.110550041407546712773536349646376318         4.00195821358365565836631323858397549E-0002  -4.65339475702450023560665071678512866E-0003   9.46159946801215727797466122154946781E-0004
   2.34960806272195568568091693575599883E-0002   5.37910043349110939711015120897909454E-0002   7.94052835420064050819002004250090480E-0002  0.102599242980423673728071549646070259        0.115282008903919431059863755005492621        0.126562258948175394344111561384475165        0.121957721734388483055925901459613218        0.120161146582434667532590757796108725         9.69963361380686168675019130955621740E-0002   8.70048679342290484481686034806422094E-0002   2.67348314988296077400636795484996006E-0002  -1.93215503936855034687567022927487406E-0003
   2.36469392419615642878617937388098330E-0002   5.32620478891789279655033185946045906E-0002   8.04474021542312812801927573683782606E-0002  0.100933088572757495740631956957053639        0.117676768105807378528758689610199578        0.123325778154774796677162127259626541        0.126180881927588049137204691589036030        0.114723023070228835924707342738072506        0.104112394124448236467787058375982589         7.68285946304165705472815724454425716E-0002   5.78495651553385319895292460261803915E-0002   1.17938340966279567986539903712547536E-0002
