          11
   2.78342835580868332413768602212762671E-0002   6.27901847324523123173471496119704811E-0002   9.31451054638671257130488207158276341E-0002  0.116596882295995239959261852421587897        0.131402272255123331090344434945254644        0.136462543388950315357241764168171106        0.131402272255123331090344434945254644        0.116596882295995239959261852421587897         9.31451054638671257130488207158276341E-0002   6.27901847324523123173471496119704811E-0002   2.78342835580868332413768602212762671E-0002
   1.08856709269715035980309994385713554E-0002   5.64687001159523504624211153480364008E-0002  0.134923997212975337953291873984423225        0.240451935396594092037137165270695297        0.365228422023827513834234007299569278        0.500000000000000000000000000000000000        0.634771577976172486165765992700430673        0.759548064603405907962862834729304703        0.865076002787024662046708126015576775        0.943531299884047649537578884651963599        0.989114329073028496401969000561428645      
   1.39171417790434166206884301106372970E-0002  -5.14325562983490553945482672729192270E-0003   3.73560374914085018725131470439070571E-0003  -2.90037905138315003781828070850383076E-0003   2.27274215264998537669600797675871549E-0003  -1.75240116264082742702346957094255661E-0003   1.30248911731822927183376576527352504E-0003  -9.09279657711640651057229985874312494E-0004   5.70136062283444316355989598062846201E-0004  -2.89875324978482038437992853765257550E-0004   8.27488930845835189972911298261991933E-0005
   3.01142391948244556850291647703454769E-0002   3.13950923662261561586735748059849818E-0002  -8.10562697907984411509038761874702471E-0003   5.26282127353501507194118571645863079E-0003  -3.83743668169242759363413819373023806E-0003   2.85354676447749860209788071218233380E-0003  -2.07783291714634649529155042045040483E-0003   1.43267781287657313277759445234302300E-0003  -8.91466711988145401994499020386604805E-0004   4.51184930916069171735273863699937810E-0004  -1.28498936996653753822983719663430862E-0004
   2.67179838502661811451222492270495852E-0002   6.82542809171542158094247997671959525E-0002   4.65725527319335628565244103579144189E-0002  -1.02895248152872145428450144855954070E-0002   6.12667324766953732872518254748632923E-0003  -4.18053753704864073577283170383173214E-0003   2.91066795410457775012630543616091311E-0003  -1.95573987509097941918238015793118783E-0003   1.19821656507352216046396088240310738E-0003  -6.00947942995045366467377875974449828E-0004   1.70372117195620967172569989546363745E-0004
   2.85266689062404033539906138636106631E-0002   5.99560307356048885110634313934394208E-0002  0.101365041153570591950231026008482279         5.82984411479976199796309262107942376E-0002  -1.16536925866713892045122531529431650E-0002   6.43838129780483330857548404618228398E-0003  -4.09164865278154504328097688232832076E-0003   2.62061890572086323919627935494747079E-0003  -1.56237108006700551652476566069917790E-0003   7.71530960015176748020373869400935427E-0004  -2.17065390840345289252973780190155510E-0004
   2.73528599993796140716452683309812949E-0002   6.46238924302517439343240111126966842E-0002   8.88021849343891269062705363844848265E-0002  0.126937527092484729329395593358848877         6.57011361275616655451722174726281886E-0002  -1.21240615804220011533673101424195634E-0002   6.21926257425001908979939369156876628E-0003  -3.63063338386324112523093675663923727E-0003   2.06324037554684363328318467300620161E-0003  -9.92886275645834511167361281996551358E-0004   2.75899729894848114109410456411524608E-0004
   2.81917210618671959125369757792906908E-0002   6.14771890632044979378652513022299854E-0002   9.59986109028957617417890032486382954E-0002  0.111095774316370167736965659831943250        0.143076752307042779412913905065100898         6.82312716944751576786208820840865522E-0002  -1.16744800519194483225694701198461457E-0002   5.50110797962507222229619258964428893E-0003  -2.85350543902863602874018253280999059E-0003   1.31299566924781437948189830973958357E-0003  -3.57437503780362671160115558014996006E-0004
   2.75583838281919851272674497648644002E-0002   6.37830710080981468285145108939662785E-0002   9.10818650883202820797656360428219667E-0002  0.120227515679858481084492789178226892        0.125183009680873312000545041253685919        0.148586604969372316510609074310590650         6.57011361275616655451722174726286099E-0002  -1.03406447964894893701337409372614128E-0002   4.34292052947799880677828433134352681E-0003  -1.83370769779943161697686150072716380E-0003   4.81423558707219169731591890294135284E-0004
   2.80513489489271785306298340014662377E-0002   6.20186537724371355693267757425689636E-0002   9.47074765439341312295735863765271276E-0002  0.113976263390274376720065573066640299        0.135493920907904876133625411827582929        0.130024162091145482048666280121988822        0.143055964841794720294856688098197982         5.82984411479976199796309262107954172E-0002  -8.21993568970346623718220529265407928E-0003   2.83415399684742380628371821853022864E-0003  -6.92385348153570112613753642335556307E-0004
   2.76639114408912122742042902317297963E-0002   6.33911326754473576838145274879446345E-0002   9.19468888987936035525848598334246887E-0002  0.118552622171086219378444232579519114        0.128491604301018753340218129509093548        0.140643080925998956093014595872003012        0.125275599007453793761619252397768248        0.126886407111282454502106866907183220         4.65725527319335628565244103579159115E-0002  -5.46409618470190349207765015522637487E-0003   1.11629970782065209625461099422527542E-0003
   2.79627824950834869951998439409396681E-0002   6.23389998015362431456118757482703663E-0002   9.40365721758552711150433197362143805E-0002  0.115164204483118666826484257969244749        0.133480105172269677585635985365705158        0.133608996624472816755143883455988513        0.135239708936815758683978573138985357        0.111334061022460224887320666705128508        0.101250732442946969828139208334575790         3.13950923662261561586735748059867031E-0002  -2.27995563673762244365230454907101004E-0003
   2.77515346650022497223795690914500474E-0002   6.30800600574307943557851424657357360E-0002   9.25749694015836813966928311177647320E-0002  0.117506161953706880610319082407462297        0.130099783137805101818510669179980932        0.138214944551591142784265233739113867        0.129129530102473345713648426968495654        0.119497261347378389997080133130092009         8.94095017147262755257975060114365116E-0002   6.79334403622872178568019763392634812E-0002   1.39171417790434166206884301106381968E-0002
