           9
   4.06371941807872059859460790552634001E-0002   9.03240803474287020292360156214570365E-0002  0.130305348201467731159371434709316362        0.156173538520001420034315203292221727        0.165119677500629881582262534643487017        0.156173538520001420034315203292221727        0.130305348201467731159371434709316362         9.03240803474287020292360156214570365E-0002   4.06371941807872059859460790552634001E-0002
   1.59198802461869550822118985481636473E-0002   8.19844463366821028502851059651326229E-0002  0.193314283649704801345648980329262894        0.337873288298095535480730992678331693        0.500000000000000000000000000000000000        0.662126711701904464519269007321668259        0.806685716350295198654351019670737106        0.918015553663317897149714894034867377        0.984080119753813044917788101451836353      
   2.03185970903936029929730395276311313E-0002  -7.39786856614878686542489503086335837E-0003   5.22200359210005389185584360564752588E-0003  -3.87345129174498055049537887338999316E-0003   2.83136945006983986354937012363713142E-0003  -1.96219418839121917026118745577624827E-0003   1.22660978881256074839466284462655279E-0003  -6.22964091648914481159571486571460280E-0004   1.77778462744798652780015293222432445E-0004
   4.39655272265284041585412645645090954E-0002   4.51620401737143510146180078107281210E-0002  -1.13354640123350470465925464814317609E-0002   7.03476680173468143903695814226931333E-0003  -4.78827613101664029445945068615461848E-0003   3.20336015198485576267209135093198144E-0003  -1.96440573995350861710011819853345999E-0003   9.87172103665947150853208009195375982E-0004  -2.80274237640940717284308546381068571E-0004
   3.90086533962843337053406260551857038E-0002   9.81815119598481585602972012795656904E-0002   6.51526741007338655796857173546587589E-0002  -1.37708339866085721988706377249967236E-0002   7.66417562464213864225207092504715323E-0003  -4.71358646779919455507145952426573082E-0003   2.77082889275901981606719881443311024E-0003  -1.36167198307300388077294236226992131E-0003   3.82532112918055676721205511905621362E-0004
   4.16450870273228085684590957995225820E-0002   8.62554727725037766071341170647426862E-0002  0.141795216041145464700711349265044261         7.80867692600007100171576016461115135E-0002  -1.46189578759125574286313738589814839E-0002   7.30042826218022637446431145744465710E-0003  -3.93283991503873128187398305621733460E-0003   1.85268620082252394849783525333886631E-0003  -5.10573474928686025187960892672726477E-0004
   3.99403728698347433203974299378438858E-0002   9.29433722727170869747695620130786339E-0002  0.124257110410775669930284959188188061        0.170000445255253483576298037267459156         8.25598387503149407911312673217446280E-0002  -1.38269067352520635419828339752374618E-0002   6.04823779069206122908647552112835648E-0003  -2.61929192528838494553354639162241260E-0003   6.96821310952462665548649117419167385E-0004
   4.11477676557158920111340399479359456E-0002   8.84713941466061780807381803681175482E-0002  0.134238188116506462441245417765533743        0.148873110257821193659850891834776966        0.179738635376542439010893908502468662         7.80867692600007100171576016461122237E-0002  -1.14898678396777335413399145557277848E-0002   4.06860757492492542210189855671332937E-0003  -1.00789284653560258251301674425978428E-0003
   4.02546620678691503092248735433576595E-0002   9.16857523305017059100089579837266328E-0002  0.127534519308708711343304235894883247        0.160887124987800614589386662816487601        0.157455501875987742940010463718439641        0.169944372506609992233185841017218875         6.51526741007338655796857173546597941E-0002  -7.85743161241945653106118565810985312E-0003   1.62854078450287228060545300007684238E-0003
   4.09174684184281467032303876016444415E-0002   8.93369082437627548783828076122614617E-0002  0.132269753941421239776471552907849925        0.152970178368016564271643111941289561        0.169907953631646521876721985329641911        0.149138771718266738595278245149952029        0.141640812213802778205963981190749312         4.51620401737143510146180078107294872E-0002  -3.32833304574119817259518550924695842E-0003
   4.04594157180424073331660637620409504E-0002   9.09470444390776165103955871080285353E-0002  0.129078738412655170410976771864689663        0.158135732708392639204576390747998121        0.162288308050560041718713164519849707        0.160046989811746400584810582165611971        0.125083344609367677267515591103668635         9.77219489135774888946609106523210960E-0002   2.03185970903936029929730395276317091E-0002
