          14
   1.75597301658759315159164380690980391E-0002   4.00790435798801049028166385314260340E-0002   6.07592853439515923447074045362389869E-0002   7.86015835790967672848009693119210422E-0002   9.27691987389689068708582950625782487E-0002  0.102599231860647801982962032830608763        0.107631926731578895097938221658130047        0.107631926731578895097938221658130047        0.102599231860647801982962032830608763         9.27691987389689068708582950625782487E-0002   7.86015835790967672848009693119210422E-0002   6.07592853439515923447074045362389869E-0002   4.00790435798801049028166385314260340E-0002   1.75597301658759315159164380690980391E-0002
   6.85809565159383057920136664797364277E-0003   3.57825581682132413318044303110627903E-0002   8.63993424651175034051026286748025997E-0002  0.156353547594157264925990098490332911        0.242375681820922954017354640724405605        0.340443815536055119782164087915762197        0.445972525646328168966877674890082650        0.554027474353671831033122325109917398        0.659556184463944880217835912084237851        0.757624318179077045982645359275594395        0.843646452405842735074009901509667089        0.913600657534882496594897371325197400        0.964217441831786758668195569688937210        0.993141904348406169420798633352026357      
   8.77986508293796575795821903454804006E-0003  -3.28311623042934086798688316216256624E-0003   2.43769977190523648369753867532498580E-0003  -1.95809929677580446849837789112000222E-0003   1.61116775847946349648444265711886988E-0003  -1.33052156270291506772693351446156297E-0003   1.08963888466220974785039375877713689E-0003  -8.76302005740451815114376127002132855E-0004   6.84693691039925453930883284840605459E-0004  -5.12348412842921048968187481164781467E-0004   3.58848231298344463716262218571779766E-0004  -2.25331048392672084870452601877433314E-0004   1.14628208600992289517695941405056487E-0004  -3.27274204462017607888581448243355909E-0005
   1.89981535901935692032565753457346345E-0002   2.00395217899400524514083192657133540E-0002  -5.28828692877905772827154588731680858E-0003   3.55141173896972234311116783155487356E-0003  -2.71822648688944300089230331346724863E-0003   2.16386043522498030367910884029316923E-0003  -1.73506996416364108314035850590382859E-0003   1.37711257617749357667294331528676090E-0003  -1.06673647746380315042748249637512727E-0003   7.93568026138729677545338924362852206E-0004  -5.53593219336437327016306954809976629E-0004   3.46681281269539277437669257943569732E-0004  -1.76059960671760509587943072474197523E-0004   5.02217676032972980292477605208421827E-0005
   1.68552230279503139456460219204254682E-0002   4.35673907696408731646233759168509439E-0002   3.03796426719757961723537022681196499E-0002  -6.93923175519035119345305019603793808E-0003   4.33440470550090540006755914465602266E-0003  -3.16351532295943580063171436089846140E-0003   2.42277289054359102627535965473225052E-0003  -1.87121355051888424772368728276779272E-0003   1.42453006383964222688942439350006127E-0003  -1.04760430312298289632470226583773636E-0003   7.25153252625853259256047396927410667E-0004  -4.51771845981418753779397766857381864E-0004   2.28683634142081114593321789361657544E-0004  -6.51217733284800126896319373713584446E-0005
   1.79971729465900660094843746827402724E-0002   3.82681743915636711701172340552135101E-0002   6.61233345536871905749021814089701134E-0002   3.93007917895483836424004846559604007E-0002  -8.23373536491335826742210350287481411E-0003   4.85948742725785845997735856907102054E-0003  -3.39128378072244485517029851665073783E-0003   2.49119959912946624822510381855296009E-0003  -1.84021037875169195812940290871724986E-0003   1.32745819947615736530485315118814501E-0003  -9.07277121182312713726071572431561047E-0004   5.60545874372256964826230090779102946E-0004  -2.82277859465565741926729500486349178E-0004   8.01673175675880271268840590184565349E-0005
   1.72547617984066298930832342738621320E-0002   4.12533979917853903899376777087089920E-0002   5.79204623738544047817452791920079118E-0002   8.55778714769197311989090537154110559E-0002   4.63845993694844534354291475312899128E-0002  -9.12812000306882147124445709482809425E-0003   5.12982390658682692428320009930398136E-0003  -3.42399508689323368479917773962036756E-0003   2.40100771220400841219767118394402462E-0003  -1.67859385926087166843659137677722239E-0003   1.12473016941185443769237507083819105E-0003  -6.86129552116775559003003408177550542E-0004   3.42844909038254845086894540875296712E-0004  -9.69793854288979175266629724320801915E-0005
   1.77874472666498987219915789897639004E-0002   3.92337598958662474135725228743997824E-0002   6.26327197421615393472331900914917186E-0002   7.48787154811760310330609299933723015E-0002  0.101022753500743341641028589080367262         5.12996159303239009914810164153047127E-0002  -9.58636975953160870951134850919703070E-0003   5.14289425654003773414845707324205947E-0003  -3.27298200285945016047811109920986241E-0003   2.17096714651606515875789781947946841E-0003  -1.40979076807348690067732075971772162E-0003   8.43606984771863475085728612171156695E-0004  -4.16706606795931371592766062971811314E-0004   1.17184468566671408063723397267074424E-0004
   1.73819598204594481529414082955752322E-0002   4.07251338880214787650397745445245200E-0002   5.93916061259882977498028646063496993E-0002   8.10781747135810532747494681898607659E-0002   8.83477443625841108910902653689406723E-0002  0.111737358469799304747462009589508366         5.38159633657894475489691108290661792E-0002  -9.58944502746706154293216025288419460E-0003   4.90242083631428848742035750691628388E-0003  -2.95118084701215774738375533809851021E-0003   1.81927648653469995209335198496108458E-0003  -1.05631852469745200915360223396658123E-0003   5.12797239918080511166826616528890524E-0004  -1.42965263485369814388244817198656520E-0004
   1.77026954293613013303046828862958109E-0002   3.95662463399620243916498119148974334E-0002   6.18156038686490443538610067702058134E-0002   7.67823070925620673327076173269590467E-0002   9.57203795859810646182420504006773506E-0002   9.76968110243335134955416753236924125E-0002  0.117221371759045956640870381911014288         5.38159633657894475489691108290655533E-0002  -9.13812660915150276449997675889961606E-0003   4.42145437638479597976802969363810983E-0003  -2.47659113448428598994849887794045313E-0003   1.36767921796329459490453992988926712E-0003  -6.46090308141373862223136013097982675E-0004   1.77770345416483362975029773521672878E-0004
   1.74425456973092601078527146718303184E-0002   4.04957501866760362744094045943979471E-0002   5.99156783591797288696216759240681789E-0002   8.00113743471702541854782900716379696E-0002   9.05982315924528417121003972430991870E-0002  0.105872213863507252143440143929818718        0.102489032475038857363789764584887776        0.117218296491110503807449570167327259         5.12996159303239009914810164153058141E-0002  -8.25355476177443477017029401778867477E-0003   3.72286809792073625174003931854821934E-0003  -1.87343439820994700252578555525299551E-0003   8.45283684013857489244115657026921089E-0004  -2.27717100773967206075140920667234160E-0004
   1.76567095513048294334431010415296727E-0002   3.97361986708418500577297439905507404E-0002   6.14454148960683679037104079444169329E-0002   7.74768534096849128471085942410822087E-0002   9.44477925982297785392948864393557316E-0002  0.100198224148443793570764361646664843        0.111055921818472128782737399397750444        0.102502102824992068173655021558825755        0.111727351863716623454206489925437357         4.63845993694844534354291475312901234E-0002  -6.97628789782296391410808440349036957E-0003   2.83882297009718756296212534423066402E-0003  -1.17435441190528548712103917728220022E-0003   3.04968367469301622833203795234317657E-0004
   1.74795628483083434887895540100793156E-0002   4.03613214393456706447433680319123527E-0002   6.01987394695793353798811744454602192E-0002   7.95088607002790799985270408843521526E-0002   9.14417405394927495055534419113902574E-0002  0.104439442239399493941091435739326067        0.105140727132449428849713117839577209        0.111023210512301339953108520174780424         9.77397444333899435229846742615379978E-0002  0.101002934103882265138280398565453574         3.93007917895483836424004846559617790E-0002  -5.36404920973559823019477687273155232E-0003   1.81086918831643373269940447621332305E-0003  -4.37442780714134493567936613643998360E-0004
   1.76248519392044115286060700064692544E-0002   3.98503599457380237882233167420643416E-0002   6.12110571899330110984868023030965470E-0002   7.78764303264709140255449219149933729E-0002   9.38168030420918897671829973284160282E-0002  0.101174701796808159756072608437108773        0.109503140282097779345661908940897924        0.105209153841035304071662862003397713        0.105762747183607237783593747191507004         8.84347940334680014707907359179228182E-0002   8.55408153342871184782540195079588283E-0002   3.03796426719757961723537022681202909E-0002  -3.48834718976076826180673738542400896E-0003   7.04507137925617570270416148670624965E-0004
   1.75095083982726342178871903085771435E-0002   4.02551035405518654124045816039002113E-0002   6.04126040626820530672697352782954960E-0002   7.91551767984332046118172762667309737E-0002   9.19756307128301771933129561382153530E-0002  0.103665968338111605133389515326983895        0.106254814155401401521265278342843398        0.109366996695742536181078580164033804        0.100435371425422821679282923990315556         9.54874252258583498717505983760455135E-0002   7.50501718401270449416898014803664959E-0002   6.60475722727306500729789504235550996E-0002   2.00395217899400524514083192657152228E-0002  -1.43842342431763768734013727663871179E-0003
   1.75924575863221332767052962139223765E-0002   3.99644153712791126132989425900209026E-0002   6.09846163923442644295778571381165073E-0002   7.82427353477984228210847070933491411E-0002   9.32815471518118279198264825437431181E-0002  0.101914538169607876529031149545767999        0.108508228737319346913052597785132492        0.106542287846916685350087827899352486        0.103929753423350717050688966345070835         9.11580309804894433743738524054588788E-0002   8.05596828758725717532993472030416978E-0002   5.83215855720463558610098658609130385E-0002   4.33621598103094457708035216935900041E-0002   8.77986508293796575795821903454916552E-0003
