           7
   6.47424830844348466353057163395402315E-0002  0.139852695744638333950733885711889665        0.190915025252559472475184887744487489        0.208979591836734693877551020408163255        0.190915025252559472475184887744487489        0.139852695744638333950733885711889665         6.47424830844348466353057163395402315E-0002
   2.54460438286207377369051579760743424E-0002  0.129234407200302780068067613359605787        0.297077424311301416546696793961519273        0.500000000000000000000000000000000000        0.702922575688698583453303206038480727        0.870765592799697219931932386640394213        0.974553956171379262263094842023925658      
   3.23712415422174233176528581697703986E-0002  -1.14510172831838702881645824731458079E-0002   7.63320387242354492584664422163561594E-0003  -5.13373356322534498195629758233910571E-0003   3.17505877368563763683431730199468677E-0003  -1.60681903704610585560610128347642697E-0003   4.58109523749452982298319621634932468E-0004
   7.00435413787260762729814536065894609E-0002   6.99263478723191669753669428559448927E-0002  -1.65900065788477711644699061373328476E-0002   9.34962278344333207631107766792943242E-0003  -5.39709193189613785462120177242072994E-0003   2.64584386673003737983031295579448040E-0003  -7.43850190171923617331065816899153080E-0004
   6.21539357873498645358789291293525984E-0002  0.152005522057830992561321708847832693         9.54575126262797362375924438722433834E-0002  -1.83752442154518373892046007271752079E-0002   8.71256259847518198378369475574946418E-0003  -3.95358015881043812088052856667310154E-0003   1.07671561562791673820514665018880470E-0003
   6.63329286176847005521322620413137252E-0002  0.133595769223882288417924053929658990        0.207701880765970782089300497781520256        0.104489795918367346938775510204081242        -1.67868555134113096141156100370328419E-0002   6.25692652075604553280983178223092674E-0003  -1.59044553324985391682654570177326758E-0003
   6.36657674688069298971005696893515235E-0002  0.143806275903448772071614414278562884        0.182202462654084290491401192988737933        0.227354836052186531266755621135338490         9.54575126262797362375924438722431667E-0002  -1.21528263131926586105878231359427616E-0002   2.58854729708498209942678721018803037E-0003
   6.54863332746067702526367821564394269E-0002  0.137206851877908296570903572756095309        0.196312117184455610329806089516908089        0.199629969053291361801239942740233965        0.207505031831407243639654793881819979         6.99263478723191669753669428559443149E-0002  -5.30105829429122963767573726704863122E-0003
   6.42843735606853936530073967179053200E-0002  0.141459514781684439806339986995366030        0.187739966478873834838350570442492795        0.214113325399960038859507317990502332        0.183281821380135927549338243522851950        0.151303713027822204238898468185035158         3.23712415422174233176528581697700917E-0002
