          13
   2.02420023826579397600107961004962344E-0002   4.60607499188642239572108879768985749E-0002   6.94367551098936192318008884344352264E-0002   8.90729903809728691400233459980493254E-0002  0.103908023768444251156261609653026614        0.113141590131448619206045093019888353        0.116275776615436955097294757634417975        0.113141590131448619206045093019888353        0.103908023768444251156261609653026614         8.90729903809728691400233459980493254E-0002   6.94367551098936192318008884344352264E-0002   4.60607499188642239572108879768985749E-0002   2.02420023826579397600107961004962344E-0002
   7.90847264070592526358527559644527161E-0003   4.12008003885110173967260817496402581E-0002   9.92109546333450436028967552085699977E-0002  0.178825330279829889678007696502242230        0.275753624481776573561043573936180130        0.384770842022432602967235939451005574        0.500000000000000000000000000000000000        0.615229157977567397032764060548994426        0.724246375518223426438956426063819870        0.821174669720170110321992303497757770        0.900789045366654956397103244791430002        0.958799199611488982603273918250359742        0.992091527359294074736414724403554728      
   1.01210011913289698800053980502467074E-0002  -3.77307158532573117639653956478707059E-0003   2.78561575606280540506391769715018847E-0003  -2.21827038404612727470909369006433310E-0003   1.80306469115291924767648064980050458E-0003  -1.46428618397597206373219195398721787E-0003   1.17219434523376612789533432940764566E-0003  -9.13582925476946914279833786076540432E-0004   6.82707775014527070994806526617254861E-0004  -4.77846825328057044954904151545190273E-0004   2.99962625259445461030372797434864491E-0004  -1.52576299212045336495614490534021147E-0004   4.35604600183718814871431827825301641E-0005
   2.19001283175295116522258243792183821E-0002   2.30303749594321119786054439884491460E-0002  -6.04331982544823445948205359739139284E-0003   4.02367675567341024867616113409442821E-0003  -3.04249472622634548710370846496845435E-0003   2.38203498776763745077474812162586077E-0003  -1.86724640081131399249109864113941540E-0003   1.43647464828385926714290321692631230E-0003  -1.06442244601130699290888262870216927E-0003   7.40852231417186149520785772376510642E-0004  -4.63345539787940887382989363911021765E-0004   2.35139088196600369947814289646063444E-0004  -6.70516615041579007988664565837267430E-0005
   1.94299477196462080138986265725852783E-0002   5.00695755432635923426235131209132970E-0002   3.47183775549468096159004442172184076E-0002  -7.86303206730868570634754109820772178E-0003   4.85274615855356234460137723834148964E-0003  -3.48400333660768447587493382716121641E-0003   2.60906242967983428705086502545700875E-0003  -1.95372076841097163727673691924718465E-0003   1.42329508753345627404375086579590772E-0003  -9.79733532987650877168571875649045465E-0004   6.08355059029741647181307412082712311E-0004  -3.07359452503456643979932083820109027E-0004   8.74442385102884182445865602618352060E-0005
   2.07461084445201329864662811434281064E-0002   4.39800566806027462386107262155185201E-0002   7.55663734121840834838611362790012218E-0002   4.45364951904864345700116729990248252E-0002  -9.22091684260183471157923038803487650E-0003   5.35465088568774835817836341051505863E-0003  -3.65522679985131663224119457647216948E-0003   2.60442900234894375524301082650507191E-0003  -1.84200989476170492739286362165060205E-0003   1.24460812210767416235581390797839266E-0003  -7.63750235756611259863351602996217057E-0004   3.83103892798337037853784379415989829E-0004  -1.08591577934743383496452469989923186E-0004
   1.98907528982510605465179672081943402E-0002   4.74094387268283867543203296582875734E-0002   6.61938972977494572894970911918184604E-0002   9.69774293976857866965958632022811953E-0002   5.19540118842221255781308048265143905E-0002  -1.00633070332503760077136218506631886E-0002   5.53442491474951858506263543603393359E-0003  -3.58522008285720277410984531537989004E-0003   2.40894627535956901766224577323699229E-0003  -1.57902463820694369584986417058944966E-0003   9.51119931434866800772660663683827091E-0004  -4.71841291130799781952598265558762482E-0004   1.32996200941124552109905578322495237E-0004
   2.05039757594727670060681545998450402E-0002   4.50910064519209141654412218524925870E-0002   7.15749421921594625399608006277210733E-0002   8.48574338709379334336662073674472229E-0002  0.113150057093106559270427818381431440         5.65707950657243096030225465099449290E-0002  -1.03514560922495229752504808065754301E-0002   5.39400389969417161174279062738892824E-0003  -3.29262769907881380106091466035021661E-0003   2.05038906740336088057757139497834215E-0003  -1.19902884864579980320098025955248945E-0003   5.84799095209111448818836774843016871E-0004  -1.63447833221850412977632958606338032E-0004
   2.00379395811026762773049698442859674E-0002   4.68004290851373722985012660116015461E-0002   6.78786934544959035977382705879562988E-0002   9.18730747240793403196288054251037615E-0002   9.89622717612276794983509717814401293E-0002  0.123214025135056194245784393996810191         5.81378883077184775486473788172106066E-0002  -1.00724350036075750397393009769220965E-0002   4.94575200721657165791063787158668052E-0003  -2.80008434310647117960545942705499537E-0003   1.55806165539771563406261784648015447E-0003  -7.39679166273148341290378034704080840E-0004   2.04062801555263482705826256209201492E-0004
   2.04054502158797901729884290591018320E-0002   4.54759508236551125083920512020545640E-0002   7.06357839585394190350018686939887304E-0002   8.70226013135695082594457746030706854E-0002  0.107200651467523064957322524313376894        0.107747586231754447594302302392499132        0.126627232707686478072545238440993971         5.65707950657243096030225465099458077E-0002  -9.24203332466230811416620872840452824E-0003   4.21555651003493570635713863060142699E-0003  -2.13818708226584330815991219328456566E-0003   9.69743466943309791769666124404914738E-0004  -2.61973376814827246057358499350258680E-0004
   2.01090061817168152079008905221732589E-0002   4.65325912099950237391634862424565374E-0002   6.84856351784587524310282277707521214E-0002   9.06520150191798128358732101686385949E-0002  0.101499077493084682138599363879789702        0.116726810214305821980154938335267738        0.110741351700687436512232122198384686        0.123204897164698995213758714870551158         5.19540118842221255781308048265153414E-0002  -7.90443901671291755657251720423253788E-0003   3.24285781214416194230379724261794185E-0003  -1.34868880796416279710944168138989963E-0003   3.51249484406879213492828892300016408E-0004
   2.03505939605926831435072485704858747E-0002   4.56776460260658869193571035974820049E-0002   7.02005053456502304916642400374318755E-0002   8.78283822588651949776675320900708258E-0002  0.105750033663205956083654473274677329        0.110537161129099675450802082193382900        0.119931003415288271729535952210890468        0.107786939245760870847866729609373327        0.113128940611046085867840840041061406         4.45364951904864345700116729990269799E-0002  -6.12961830229046425206024784456506181E-0003   2.08069323826147771860016176137942623E-0003  -5.04106061862193226455485042934169922E-0004
   2.01545581441476513417662095402342437E-0002   4.63681093713676806011908200607183809E-0002   6.88284000508638775846195810223527496E-0002   9.00527239139605200171919178736983730E-0002  0.102484728680910794882217858787230712        0.115095310899859590843321829939135449        0.113666714185757120810243892608960948        0.116625593468056303681920026847049828         9.90552776098906888116602324146849621E-0002   9.69360224482815548463708870962565958E-0002   3.47183775549468096159004442172207248E-0002  -4.00882562439936838541262514401535782E-0003   8.12054663011731746112169527908364178E-0004
   2.03090540441620976608096625570799167E-0002   4.58256108306676235872630736872523335E-0002   6.99001006496815601191838777983464031E-0002   8.83321381495556829905025602256727231E-0002  0.104972446214455558149170492281728931        0.111705115483164759938902189802961729        0.118143023016248269089785856275557739        0.110759555143680981755270344898262156        0.106950518494670596643365318117995605         8.50493136252994588913471848639538951E-0002   7.54800749353418536912829420318278553E-0002   2.30303749594321119786054439884519687E-0002  -1.65812593487157189221502827872520984E-0003
   2.01984419226395678785236529177136763E-0002   4.62133262180762692937065024674325802E-0002   6.91367924846341737707705156370002785E-0002   8.95508372063009261849782501495946498E-0002  0.103225315993429724085266803126409219        0.114055173056925566120324926805965128        0.115103582270203188969399423305010063        0.114605876315424591269777284973875943        0.102104959077291331908585129003225566         9.12912607650189964147324396881143100E-0002   6.66511393538308138267369707372840945E-0002   4.98338215041899551336074275416874311E-0002   1.01210011913289698800053980502483158E-0002
