   2.03485042E-02   4.60157767E-02   6.94410205E-02   8.90736952E-02  0.103909023      0.113141790      0.116275780      0.113141790      0.103909023       8.90736952E-02   6.94410205E-02   4.60157767E-02   2.03485042E-02
   7.91209936E-03   4.11977470E-02   9.92122293E-02  0.178825736      0.275753796      0.384770960      0.500000000      0.615229011      0.724246204      0.821174264      0.900787771      0.958802223      0.992087901    
   1.01284161E-02  -3.77719011E-03   2.78819632E-03  -2.22040364E-03   1.80479581E-03  -1.46568962E-03   1.17331813E-03  -9.14458593E-04   6.83362654E-04  -4.78306320E-04   3.00243089E-04  -1.52727574E-04   4.36149712E-05
   2.19089705E-02   2.30182055E-02  -6.03340007E-03   4.01640637E-03  -3.03670485E-03   2.37737712E-03  -1.86353934E-03   1.43359520E-03  -1.06227619E-03   7.39354058E-04  -4.62393858E-04   2.34668463E-04  -6.69347355E-05
   1.94438230E-02   5.00537008E-02   3.47419307E-02  -7.87516776E-03   4.86223726E-03  -3.49158049E-03   2.61507626E-03  -1.95838418E-03   1.42676942E-03  -9.82162659E-04   6.09861570E-04  -3.08142335E-04   8.76904742E-05
   2.07695458E-02   4.39575203E-02   7.55875930E-02   4.45315987E-02  -9.20760911E-03   5.34403464E-03  -3.64680472E-03   2.59789848E-03  -1.83714658E-03   1.24121422E-03  -7.61602423E-04   3.82033351E-04  -1.08314336E-04
   1.99255366E-02   4.73780148E-02   6.62219524E-02   9.69556496E-02   5.19891977E-02  -1.00765601E-02   5.54507738E-03  -3.59351910E-03   2.41514621E-03  -1.58336561E-03   9.53818439E-04  -4.73239867E-04   1.33430294E-04
   2.05520596E-02   4.50501479E-02   7.16085061E-02   8.48320052E-02  0.113169961       5.65800965E-02  -1.03379572E-02   5.38368616E-03  -3.28498427E-03   2.04506982E-03  -1.19566801E-03   5.83123823E-04  -1.63012883E-04
   2.00994350E-02   4.67512459E-02   6.79159388E-02   9.18454677E-02   9.89844725E-02  0.123196200       5.81845418E-02  -1.00818854E-02   4.95302444E-03  -2.80523743E-03   1.56127126E-03  -7.41355296E-04   2.04596086E-04
   2.04796251E-02   4.54216599E-02   7.06717595E-02   8.69975835E-02  0.107219994      0.107733391      0.126637906       5.66021018E-02  -9.23330244E-03   4.20972984E-03  -2.13455292E-03   9.67963308E-04  -2.61537964E-04
   2.01940220E-02   4.64762785E-02   6.85177743E-02   9.06303972E-02  0.101516902      0.116712227      0.110754862      0.123192631       5.20097315E-02  -7.90717918E-03   3.24465847E-03  -1.34971470E-03   3.51645343E-04
   2.04441547E-02   4.56230119E-02   7.02246800E-02   8.78141671E-02  0.105761424      0.110529259      0.119936362      0.107786164      0.113125272       4.45922017E-02  -6.12664828E-03   2.07923586E-03  -5.03844582E-04
   2.02543885E-02   4.63163853E-02   6.88453019E-02   9.00437012E-02  0.102493167      0.115088813      0.113672599      0.116620474       9.90638435E-02   9.69205946E-02   3.47881019E-02  -4.01022146E-03   8.12524522E-04
   2.04130672E-02   4.57770787E-02   6.99106827E-02   8.83274153E-02  0.104978360      0.111700214      0.118148282      0.110754184      0.106957845       8.50450397E-02   7.54685923E-02   2.31141765E-02  -1.66296097E-03
   2.03038696E-02   4.61697131E-02   6.91382438E-02   8.95569921E-02  0.103217937      0.114066921      0.115088381      0.114625528      0.102081336       9.13241878E-02   6.66087419E-02   4.98603061E-02   1.01800673E-02
