   2.35876681932558836939E-0002   5.34696629976592071314E-0002   8.00391642716731057628E-0002  0.101583713361532961617        0.116746268269177403783        0.124573522906701392564        0.124573522906701392564        0.116746268269177403783        0.101583713361532961617         8.00391642716731057628E-0002   5.34696629976592071314E-0002   2.35876681932558836939E-0002
   9.21968287664037421027E-0003   4.79413718147625715236E-0002  0.115048662902847655115        0.206341022856691276642        0.316084250500909902918        0.437383295744265542329        0.562616704255734457671        0.683915749499090097055        0.793658977143308723358        0.884951337097152344858        0.952058628185237428476        0.990780317123359625790      
   1.17938340966279549997E-0002  -4.37990215767931565675E-0003   3.21056964125654195621E-0003  -2.52868076291527502832E-0003   2.02324519894856802531E-0003  -1.60735902088665629367E-0003   1.24774475192659555707E-0003  -9.30499836629973949305E-0004   6.50624788775464989426E-0004  -4.08237882558168022443E-0004   2.07615108480287473005E-0004  -5.92710487056506777891E-0005
   2.55198232326244600563E-0002   2.67348314988296081888E-0002  -6.96570366255593702645E-0003   4.58737722346434530199E-0003  -3.41487831325726423715E-0003   2.61580117231291030697E-0003  -1.98873604147400251521E-0003   1.46425936525797382097E-0003  -1.01552961889071319530E-0003   6.33880729666708300148E-0004  -3.21341337251878607104E-0004   9.15875660363567723006E-0005
   2.26415082464546904385E-0002   5.81230577546837188775E-0002   4.00195821358365470741E-0002  -8.96632804601374859291E-0003   5.44880489816575334484E-0003  -3.82839826778208910922E-0003   2.78156916561874671750E-0003  -1.99435710192794218886E-0003   1.36062625076553198374E-0003  -8.40553839984531602624E-0004   4.23460056141346949782E-0004  -1.20308349110379214819E-0004
   2.41748261226971875756E-0002   5.10550484293886797163E-0002   8.71038538724015872619E-0002   5.07918566807664760074E-0002  -1.03577470216968170777E-0002   5.88867969618711108055E-0003  -3.90204370620793508784E-0003   2.66388699069818051739E-0003  -1.76593366081374198631E-0003   1.07205559231517545959E-0003  -5.34534766345622803972E-0004   1.51074627300977240701E-0004
   2.31788873633936338450E-0002   5.50336735248898140547E-0002   7.63035605834845854538E-0002  0.110596236160954298915         5.83731341345886843679E-0002  -1.10754199817737877666E-0002   5.91690882965930826637E-0003  -3.67597498519267108534E-0003   2.31791162580606752448E-0003  -1.36729574370243125474E-0003   6.70629185517021885257E-0004  -1.88000196714649983156E-0004
   2.38920173869485744435E-0002   5.23469042934905546294E-0002   8.24989309275610723107E-0002   9.67817784368590926369E-0002  0.127125792924303079501         6.22867614533506807948E-0002  -1.10819177291206380802E-0002   5.54513518951393816816E-0003  -3.18192887322027541510E-0003   1.78717327876101355259E-0003  -8.53608723970616430195E-0004   2.36257179789026512986E-0004
   2.33514110134668651164E-0002   5.43232717216298305996E-0002   7.82519909929120950751E-0002  0.104765642234753239887        0.111201133079663464546        0.135655440635822028292         6.22867614533506704136E-0002  -1.03795246551256779175E-0002   4.80193492467387174638E-0003  -2.45976665588796270024E-0003   1.12275870416866124523E-0003  -3.04349193692679720116E-0004
   2.37756683899705389122E-0002   5.27990338121421908461E-0002   8.14064600153755381571E-0002   9.92658017357268979288E-0002  0.120422243254370072030        0.118656614077042086864        0.135648942888475174440         5.83731341345886773748E-0002  -9.01252279942133371684E-0003   3.73560368818852408526E-0003  -1.56401052723059635121E-0003   4.08780829862264352630E-0004
   2.34365935659549097105E-0002   5.40041977640048334917E-0002   7.89671086793579313418E-0002  0.103349647022346705532        0.114082381278479222955        0.128475566612909326416        0.118684843210514284795        0.127104015290874208997         5.07918566807664503559E-0002  -7.06468960072847510916E-0003   2.41461456827053794335E-0003  -5.87157929441285218475E-0004
   2.37079765423662645388E-0002   5.30462029415178625527E-0002   8.08797181116576372115E-0002  0.100223087110767431775        0.118740625371105344515        0.121791953741082646980        0.128401921174483480776        0.111297463371011651375        0.110550041407546698084         4.00195821358365299844E-0002  -4.65339475702449879961E-0003   9.46159946801215447021E-0004
   2.34960806272195276787E-0002   5.37910043349110864056E-0002   7.94052835420063980425E-0002  0.102599242980423674668        0.115282008903919430926        0.126562258948175393333        0.121957721734388484804        0.120161146582434664899         9.69963361380686184032E-0002   8.70048679342290308677E-0002   2.67348314988295805332E-0002  -1.93215503936854856872E-0003
   2.36469392419615343470E-0002   5.32620478891789203694E-0002   8.04474021542312727745E-0002  0.100933088572757498408        0.117676768105807375379        0.123325778154774800116        0.126180881927588044839        0.114723023070228840966        0.104112394124448229660         7.68285946304165719641E-0002   5.78495651553385067289E-0002   1.17938340966279402257E-0002
