   1.35679655E-02   3.21306549E-02   4.72760014E-02   6.23864755E-02   7.48102516E-02   8.45784619E-02   9.13019478E-02   9.47253630E-02   9.47253630E-02   9.13019478E-02   8.45784619E-02   7.48102516E-02   6.23864755E-02   4.72760014E-02   3.21306549E-02   1.35679655E-02
   5.28967381E-03   2.77749300E-02   6.71365261E-02  0.122309148      0.191062123      0.270991385      0.359198362      0.452493846      0.547506154      0.640801668      0.729008615      0.808937907      0.877690852      0.932863474      0.972225070      0.994710326    
   6.78078085E-03  -2.54781498E-03   1.91217044E-03  -1.55243638E-03   1.30058290E-03  -1.09954074E-03   9.28905909E-04  -7.78481713E-04   6.42981729E-04  -5.19648718E-04   4.07172804E-04  -3.05165915E-04   2.13830441E-04  -1.34463684E-04   6.84797997E-05  -1.94576296E-05
   1.47197107E-02   1.56704299E-02  -4.18731151E-03   2.84041185E-03  -2.21320381E-03   1.80340442E-03  -1.49145571E-03   1.23335025E-03  -1.00968021E-03   8.11024394E-04  -6.32729905E-04   4.72743501E-04  -3.30518465E-04   2.07520745E-04  -1.05581530E-04   2.99836538E-05
   1.31222224E-02   3.38435210E-02   2.36983951E-02  -5.42187365E-03   3.44269699E-03  -2.56980909E-03   2.02864641E-03  -1.63157063E-03   1.31198205E-03  -1.04116451E-03   8.05441698E-04  -5.98189770E-04   4.16453491E-04  -2.60710163E-04   1.32393528E-04  -3.75601048E-05
   1.40515771E-02   2.96965968E-02   5.16992025E-02   3.13743129E-02  -6.72194827E-03   4.06949455E-03  -2.93145142E-03   2.24374002E-03  -1.75083731E-03   1.36252865E-03  -1.04012887E-03   7.65373465E-04  -5.29408979E-04   3.29956849E-04  -1.67085527E-04   4.73309483E-05
   1.35213761E-02   3.20409387E-02   4.52535339E-02   6.79757148E-02   3.74525338E-02  -7.46608432E-03   4.30710753E-03  -2.98442692E-03   2.20457045E-03  -1.65880355E-03   1.23866822E-03  -8.97917140E-04   6.14731631E-04  -3.80474172E-04   1.91819534E-04  -5.42106827E-05
   1.39637552E-02   3.05183567E-02   4.89124358E-02   5.95144182E-02   8.13461766E-02   4.25926670E-02  -8.22801888E-03   4.60819341E-03  -3.09938029E-03   2.21615867E-03  -1.60443014E-03   1.14006852E-03  -7.70239392E-04   4.72564076E-04  -2.36951804E-04   6.67742206E-05
   1.36616593E-02   3.17791887E-02   4.62897196E-02   6.45068586E-02   7.10439086E-02   9.22787189E-02   4.58130538E-02  -8.37662909E-03   4.48003970E-03  -2.88447528E-03   1.96937239E-03  -1.34971587E-03   8.90845549E-04  -5.38329943E-04   2.67416443E-04  -7.49924875E-05
   1.39029259E-02   3.10004689E-02   4.81126532E-02   6.11504093E-02   7.69672170E-02   8.06935281E-02   9.93362442E-02   4.78257909E-02  -8.57870094E-03   4.47462592E-03  -2.78828805E-03   1.82027789E-03  -1.16764707E-03   6.93438516E-04  -3.40948784E-04   9.51151524E-05
   1.36730084E-02   3.18891145E-02   4.65088375E-02   6.38052970E-02   7.27516413E-02   8.75208676E-02   8.67278427E-02  0.103375554       4.76546623E-02  -8.09033681E-03   3.99826933E-03  -2.34699226E-03   1.41964026E-03  -8.14202416E-04   3.92261049E-04  -1.08307715E-04
   1.38056222E-02   3.14373299E-02   4.76683788E-02   6.17808625E-02   7.59073943E-02   8.27730671E-02   9.40807089E-02   9.02987644E-02  0.103135064       4.62192297E-02  -7.66843231E-03   3.65138287E-03  -2.02049338E-03   1.10734859E-03  -5.20770438E-04   1.42135803E-04
   1.36214197E-02   3.20858285E-02   4.66141999E-02   6.34499416E-02   7.34154135E-02   8.63626897E-02   8.89483094E-02   9.79294479E-02   9.00416300E-02   9.96342972E-02   4.27555107E-02  -6.68471958E-03   2.95188650E-03  -1.46479567E-03   6.55354641E-04  -1.74734174E-04
   1.37053514E-02   3.17625403E-02   4.74839471E-02   6.20043799E-02   7.55247101E-02   8.34518299E-02   9.28934440E-02   9.25478935E-02   9.77232531E-02   8.69458467E-02   9.22094807E-02   3.80160548E-02  -5.65833552E-03   2.28269864E-03  -9.39989521E-04   2.42033755E-04
   1.35693392E-02   3.22088003E-02   4.67937179E-02   6.31097704E-02   7.38807470E-02   8.57445747E-02   8.98283198E-02   9.65797529E-02   9.23794359E-02   9.43429172E-02   8.04067329E-02   8.17051083E-02   3.17157358E-02  -4.31092968E-03   1.44701183E-03  -3.46074492E-04
   1.36349797E-02   3.19428556E-02   4.74693663E-02   6.20399453E-02   7.53791705E-02   8.37561190E-02   9.23957229E-02   9.33239162E-02   9.64880884E-02   8.90894607E-02   8.74153376E-02   7.10074827E-02   6.82906136E-02   2.43564919E-02  -2.84801889E-03   5.71860815E-04
   1.35468021E-02   3.22259776E-02   4.70167883E-02   6.27809241E-02   7.42772222E-02   8.52684602E-02   9.04292464E-02   9.58041698E-02   9.34121758E-02   9.28888321E-02   8.26545358E-02   7.72185922E-02   5.91395684E-02   5.25080375E-02   1.56928562E-02  -1.12806202E-03
   1.35879321E-02   3.20644453E-02   4.73924726E-02   6.21974468E-02   7.50861019E-02   8.42060223E-02   9.17792246E-02   9.41338167E-02   9.54416394E-02   9.04486179E-02   8.55846182E-02   7.36342072E-02   6.37567639E-02   4.56373692E-02   3.45446020E-02   6.76111644E-03
