   1.75632127E-02   3.99243869E-02   6.07859753E-02   7.85945058E-02   9.27696824E-02  0.102599181      0.107631959      0.107631959      0.102599181       9.27696824E-02   7.85945058E-02   6.07859753E-02   3.99243869E-02   1.75632127E-02
   6.86305761E-03   3.57699394E-02   8.64036083E-02  0.156351358      0.242375851      0.340443850      0.445972532      0.554027438      0.659556150      0.757624149      0.843648672      0.913596392      0.964230061      0.993136942    
   8.78605805E-03  -3.28666228E-03   2.43903138E-03  -1.95950177E-03   1.61225733E-03  -1.33144192E-03   1.09039561E-03  -8.76909704E-04   6.85165054E-04  -5.12692321E-04   3.59095546E-04  -2.25461990E-04   1.14700757E-04  -3.27756206E-05
   1.89954750E-02   2.00112835E-02  -5.27436519E-03   3.54245561E-03  -2.71113915E-03   2.15820060E-03  -1.73051178E-03   1.37348101E-03  -1.06391148E-03   7.91449565E-04  -5.52123645E-04   3.45723151E-04  -1.75582099E-04   5.01275063E-05
   1.68406218E-02   4.35571522E-02   3.03957183E-02  -6.95536751E-03   4.34600096E-03  -3.17266188E-03   2.43006274E-03  -1.87697448E-03   1.42897421E-03  -1.05088728E-03   7.27453968E-04  -4.53163171E-04   2.29401543E-04  -6.53814350E-05
   1.79751553E-02   3.82587090E-02   6.61449283E-02   3.92574221E-02  -8.21650308E-03   4.84673493E-03  -3.38132260E-03   2.48339307E-03  -1.83419907E-03   1.32298458E-03  -9.04181972E-04   5.58552041E-04  -2.81280372E-04   7.99503323E-05
   1.72265247E-02   4.12340164E-02   5.79504408E-02   8.55494291E-02   4.63745333E-02  -9.14161280E-03   5.14115021E-03  -3.43309366E-03   2.40808236E-03  -1.68384414E-03   1.12841965E-03  -6.88370201E-04   3.44000233E-04  -9.73913193E-05
   1.77573282E-02   3.91985886E-02   6.26710281E-02   7.48466551E-02  0.101045437       5.12340032E-02  -9.56456829E-03   5.12690190E-03  -3.26093147E-03   2.16209725E-03  -1.40367774E-03   8.39710701E-04  -4.14752692E-04   1.16726966E-04
   1.73535533E-02   4.06661667E-02   5.94446734E-02   8.10329095E-02   8.83864909E-02  0.111700974       5.37811927E-02  -9.59987286E-03   4.91236430E-03  -2.95901601E-03   1.82493660E-03  -1.05981261E-03   5.14608924E-04  -1.43607191E-04
   1.76791102E-02   3.94829512E-02   6.18768595E-02   7.67340437E-02   9.57568660E-02   9.76715907E-02  0.117231660       5.37277907E-02  -9.11355764E-03   4.40572016E-03  -2.46629631E-03   1.36129244E-03  -6.42919855E-04   1.77025868E-04
   1.74255371E-02   4.03871797E-02   5.99847734E-02   7.99574330E-02   9.06413272E-02  0.105836496      0.102521665      0.117177807       5.12347482E-02  -8.25144257E-03   3.72461579E-03  -1.87505642E-03   8.46287003E-04  -2.28224133E-04
   1.76459551E-02   3.96098308E-02   6.15091547E-02   7.74331465E-02   9.44772810E-02  0.100179017      0.111066841      0.102500089      0.111706682       4.62888889E-02  -6.95395190E-03   2.82805809E-03  -1.16949470E-03   3.03926121E-04
   1.74748339E-02   4.02193442E-02   6.02586493E-02   7.94681907E-02   9.14723203E-02  0.104413174      0.105165921      0.110996842       9.77698043E-02  0.100947373       3.92206647E-02  -5.34864794E-03   1.80562795E-03  -4.36615490E-04
   1.76234804E-02   3.97035219E-02   6.12534210E-02   7.78573528E-02   9.38228145E-02  0.101176277      0.109494992      0.105224788      0.105737083       8.84738415E-02   8.54577944E-02   3.02997250E-02  -3.46921035E-03   7.00970355E-04
   1.75115317E-02   4.01013382E-02   6.04500733E-02   7.91369826E-02   9.19868350E-02  0.103655174      0.106266640      0.109353349      0.100452498       9.54619423E-02   7.50920400E-02   6.59217462E-02   2.00246088E-02  -1.43757241E-03
   1.75959021E-02   3.98092195E-02   6.10147528E-02   7.82313645E-02   9.32871103E-02  0.101908289      0.108515911      0.106532827      0.103941672       9.11424607E-02   8.05761591E-02   5.83090559E-02   4.32315283E-02   8.78024101E-03
