   1.3576229704344755E-002   3.1126761970573090E-002   4.7579255841244943E-002   6.2314485627735429E-002   7.4797994408283094E-002   8.4578259697501948E-002   9.1301707522462180E-002   9.4725305227534251E-002   9.4725305227534251E-002   9.1301707522462180E-002   8.4578259697501948E-002   7.4797994408283094E-002   6.2314485627735429E-002   4.7579255841244943E-002   3.1126761970573090E-002   1.3576229704344755E-002
   5.2995325041530483E-003   2.7712488463407570E-002   6.7184398806104384E-002  0.12229779582248035       0.19106187779867978       0.27099161117138715       0.35919822461037076       0.45249374508118134       0.54750625491881866       0.64080177538962924       0.72900838882861285       0.80893812220132022       0.87770220417751965       0.93281560119389562       0.97228751153659243       0.99470046749584695     
   6.7881148528972359E-003  -2.5498156016424420E-003   1.9090991781232167E-003  -1.5529395863436751E-003   1.3003863616635912E-003  -1.0994139780965396E-003   9.2881038245430962E-004  -7.7840029263227274E-004   6.4291307305344855E-004  -5.1959176461346870E-004   4.0712132101734360E-004  -3.0511283873207307E-004   2.1386873942157736E-004  -1.3434275155771645E-004   6.8351093137491368E-005  -1.9515684000373609E-005
   1.4688355739053150E-002   1.5563380984745566E-002  -4.1413271760317718E-003   2.8162406633410191E-003  -2.1934548257167550E-003   1.7874391815687984E-003  -1.4782998956972577E-003   1.2224834919129541E-003  -1.0007893356770914E-003   8.0388482229509046E-004  -6.2715162895687080E-004   4.6855460300033124E-004  -3.2770601746974482E-004   2.0553364177479329E-004  -1.0446775626485186E-004   2.9811971512458940E-005
   1.3031488756937892E-002   3.3836054138139199E-002   2.3789627920521465E-002  -5.5018926339389304E-003   3.4965221727666484E-003  -2.6118396910868504E-003   2.0626223012981753E-003  -1.6592708237650466E-003   1.3344517508494128E-003  -1.0591002356594406E-003   8.1936072860139589E-004  -6.0852928971739343E-004   4.2381601616710540E-004  -2.6504093524289053E-004   1.3446189165476795E-004  -3.8333261464168791E-005
   1.3914562989437754E-002   2.9720019189058679E-002   5.1780140348235741E-002   3.1157242813919309E-002  -6.6399173645504085E-003   4.0095350515164168E-003  -2.8842281634207149E-003   2.2057179587353123E-003  -1.7202214642391433E-003   1.3382025184088483E-003  -1.0212776989217229E-003   7.5132823099046265E-004  -5.1980880041572314E-004   3.2359812426746175E-004  -1.6369271284217106E-004   4.6594802221903112E-005
   1.3340202736060966E-002   3.2039555779005101E-002   4.5355106325595827E-002   6.7846225328332135E-002   3.7398997203962496E-002  -7.5271621137871720E-003   4.3579823191462813E-003  -3.0262384236431107E-003   2.2386097674959825E-003  -1.6860315401440651E-003   1.2598276944600193E-003  -9.1365083570721633E-004   6.2593432643860746E-004  -3.8708752809512377E-004   1.9498634571402974E-004  -5.5379586277344963E-005
   1.3752704094606744E-002   3.0468942878489370E-002   4.9048538719548444E-002   5.9360391807318752E-002   8.1454747948777398E-002   4.2289129848835538E-002  -8.1360284458517132E-003   4.5370736867909323E-003  -3.0426448598123877E-003   2.1712009507943437E-003  -1.5696206873914980E-003   1.1141466517530362E-003  -7.5244388712199619E-004   4.6092901266359495E-004  -2.3080635075278149E-004   6.5349802565810563E-005
   1.3438119001350690E-002   3.1630746947054179E-002   4.6504379621660298E-002   6.4283005158684153E-002   7.1227761758582628E-002   9.2115151892419755E-002   4.5650853760922226E-002  -8.4464279351006855E-003   4.5438011990925325E-003  -2.9374365210816989E-003   2.0113139484497699E-003  -1.3812641749272557E-003   9.1333890523378808E-004  -5.5191959099228668E-004   2.7406203226233678E-004  -7.7261393469791231E-005
   1.3687791670104869E-002   3.0725053550533201E-002   4.8412685417355154E-002   6.0863467025404273E-002   7.7187604704339580E-002   8.0527200737145602E-002   9.9442861473705818E-002   4.7362652613802368E-002  -8.4480334212368360E-003   4.3795774228219857E-003  -2.7167144672021852E-003   1.7676746512656656E-003  -1.1316375857034148E-003   6.7027729405254874E-004  -3.2885965750476600E-004   9.2143652007694432E-005
   1.3484086053036647E-002   3.1455621627843502E-002   4.6908978546626429E-002   6.3446123213819636E-002   7.3030319756777928E-002   8.7294974164884229E-002   8.6922130099518422E-002  0.10317333864884574        4.7362652613419008E-002  -8.1411539513479327E-003   4.0510589605220930E-003  -2.3896102962823037E-003   1.4510186026986361E-003  -8.3342957664109870E-004   4.0170841963258429E-004  -1.1156196488556453E-004
   1.3653491098348181E-002   3.0852699938207058E-002   4.8131175431697155E-002   6.1401146722847154E-002   7.6179258583000287E-002   8.2566945749199511E-002   9.4239144043466408E-002   9.0181504028439149E-002  0.10317173316274464        4.5650853761112928E-002  -7.5368921948361809E-003   3.5702326495417125E-003  -1.9685195306477976E-003   1.0748762191452586E-003  -5.0398497708706021E-004   1.3811070404029375E-004
   1.3510879902161380E-002   3.1357568321316906E-002   4.7118326828095018E-002   6.3066929515172870E-002   7.3683847756316603E-002   8.6147880385070125E-002   8.9130506571529253E-002   9.7767950087453495E-002   9.0188231540648922E-002   9.9437735968446489E-002   4.2289129848368273E-002  -6.6567535407009411E-003   2.9540938206961175E-003  -1.4692828786624604E-003   6.5781909130084202E-004  -1.7647438906695281E-004
   1.3631609290880850E-002   3.0931775624886870E-002   4.7966343368970224E-002   6.1688551301516827E-002   7.5711645243857595E-002   8.3318432003134074E-002   9.2987739062561942E-002   9.2486695460029855E-002   9.7751543651247608E-002   8.6943725203152689E-002   9.2105421811627064E-002   3.7398997203796393E-002  -5.5317397005255186E-003   2.2241495154578152E-003  -9.1279380940120357E-004   2.3602696960884256E-004
   1.3529634902278435E-002   3.1290454683464843E-002   4.7255657716701309E-002   6.2834294428331397E-002   7.4046666177156509E-002   8.5599537396549921E-002   8.9963505003939126E-002   9.6445526691878697E-002   9.2519587268695941E-002   9.4185935685998728E-002   8.0568724645797271E-002   8.1437911773254268E-002   3.1157242813348817E-002  -4.2008845072280488E-003   1.4067427804829082E-003  -3.3833328369268139E-004
   1.3614562965893313E-002   3.0992300078947349E-002   4.7844296776343123E-002   6.1890669611645792E-002   7.5406523697959249E-002   8.3758898968922926E-002   9.2360807758122360E-002   9.3390853476659513E-002   9.6384576051351034E-002   8.9239085221083134E-002   8.7190099388706033E-002   7.1301472235282715E-002   6.7816378262386456E-002   2.3789627919853732E-002  -2.7092921687411464E-003   5.4474094888271062E-004
   1.3546417732865444E-002   3.1231229726855034E-002   4.7373722199403522E-002   6.2642191645245301E-002   7.4329439805254457E-002   8.5205411326483252E-002   9.0497822700147654E-002   9.5726094563226005E-002   9.3502821735610323E-002   9.2780007418168664E-002   8.2790820515923527E-002   7.6991449234000739E-002   5.9498244964368341E-002   5.1720583017978071E-002   1.5563380983623008E-002  -1.1121260331837949E-003
   1.3595745388345092E-002   3.1058410877461095E-002   4.7713598592746542E-002   6.2100616888390345E-002   7.5103107246911466E-002   8.4171138376620588E-002   9.1821299286903899E-002   9.4082392154692204E-002   9.5503705519910526E-002   9.0372897140314906E-002   8.5677673675230936E-002   7.3497608047062124E-002   6.3867425213521220E-002   4.5670156663940767E-002   3.3676577571140703E-002   6.7881148520171969E-003
