   4.0637194180782349E-002   9.0324080347429656E-002  0.13030534820146975       0.15617353852000146       0.16511967750062989       0.15617353852000146       0.13030534820146975        9.0324080347429656E-002   4.0637194180782349E-002
   1.5919880246186735E-002   8.1984446336682171E-002  0.19331428364970515       0.33787328829809554       0.50000000000000000       0.66212671170190451       0.80668571635029485       0.91801555366331788       0.98408011975381326     
   2.0318597090393166E-002  -7.3978685661485258E-003   5.2220035920998971E-003  -3.8734512917448813E-003   2.8313694500697643E-003  -1.9621941883911677E-003   1.2266097888125275E-003  -6.2296409164889317E-004   1.7777846274479210E-004
   4.3965527226527801E-002   4.5162040173715085E-002  -1.1335464012335695E-002   7.0347668017351744E-003  -4.7882761310169926E-003   3.2033601519850987E-003  -1.9644057399536576E-003   9.8717210366601580E-004  -2.8027423764095960E-004
   3.9008653396283031E-002   9.8181511959849935E-002   6.5152674100732832E-002  -1.3770833986608142E-002   7.6641756246417711E-003  -4.7135864677989364E-003   2.7708288927588533E-003  -1.3616719830729083E-003   3.8253211291802746E-004
   4.1645087027320546E-002   8.6255472772506295E-002  0.14179521604114473        7.8086769260000286E-002  -1.4618957875913115E-002   7.3004282621806178E-003  -3.9328399150389730E-003   1.8526862008226323E-003  -5.1057347492871577E-004
   3.9940372869831521E-002   9.2943372272720010E-002  0.12425711041077483       0.17000044525525457        8.2559838750313128E-002  -1.3826906735252002E-002   6.0482377906920003E-003  -2.6192919252883296E-003   6.9682131095244449E-004
   4.1147767655711980E-002   8.8471394146608776E-002  0.13423818811650673       0.14887311025782091       0.17973863537654372        7.8086769259998315E-002  -1.1489867839677804E-002   4.0686075749249350E-003  -1.0078928465356040E-003
   4.0254662067864780E-002   9.1685752330503592E-002  0.12753451930870993       0.16088712498780011       0.15745550187598834       0.16994437250661132        6.5152674100730001E-002  -7.8574316124190580E-003   1.6285407845027828E-003
   4.0917468418423461E-002   8.9336908243764224E-002  0.13226975394142285       0.15297017836801671       0.16990795363164610       0.14913877171826823       0.14164081221380334        4.5162040173710664E-002  -3.3283330457409711E-003
   4.0459415718037635E-002   9.0947044439078514E-002  0.12907873841265752       0.15813573270839221       0.16228830805056077       0.16004698981174550       0.12508334460937123        9.7721948913575329E-002   2.0318597090391043E-002
