  0.185089543       9.40342154E-03   4.70919274E-02   3.57589871E-02   5.12794107E-02   5.91920428E-02   6.58215210E-02   7.10499808E-02   7.45863989E-02   7.63766840E-02   7.63766840E-02   7.45863989E-02   7.10499808E-02   6.58215210E-02   5.91920428E-02   5.12794107E-02   3.57589871E-02   4.70919274E-02   9.40342154E-03  0.185089543    
   3.08400393E-03   1.81348324E-02   4.35921848E-02   8.03458393E-02  0.126756787      0.181986451      0.244561970      0.313147694      0.386106908      0.461736739      0.538263261      0.613893092      0.686852336      0.755438030      0.818013549      0.873243213      0.919654131      0.956407785      0.981865168      0.996915996    
   5.20497886E-03  -1.83378009E-03   1.42903661E-03  -1.17071869E-03   1.00305246E-03  -8.72606179E-04   7.64422119E-04  -6.69176457E-04   5.83771674E-04  -5.05767704E-04   4.33768553E-04  -3.66917317E-04   3.04721441E-04  -2.46995594E-04   1.93555767E-04  -1.44916121E-04   1.01468744E-04  -6.41295046E-05   3.25420369E-05  -8.89662897E-06
   1.38795972E-02   1.14077916E-02  -1.07690960E-03   4.53564979E-04  -2.58640532E-04   1.70383617E-04  -1.22361613E-04   9.24993583E-05  -7.22428740E-05   5.74998157E-05  -4.61709678E-05   3.70903290E-05  -2.95744449E-05   2.32139009E-05  -1.77373531E-05   1.30209810E-05  -8.98175585E-06   5.61479146E-06  -2.82886663E-06   7.70223153E-07
   1.94990858E-02   1.60739981E-02   2.76360810E-02  -7.40641868E-03   5.62713109E-03  -4.66888584E-03   3.99263389E-03  -3.44612217E-03   2.97928299E-03  -2.56542931E-03   2.19070888E-03  -1.84723001E-03   1.53049326E-03  -1.23834959E-03   9.69106797E-04  -7.24828744E-04   5.07129240E-04  -3.20335326E-04   1.62493729E-04  -4.44149773E-05
   2.93212458E-02   8.31348449E-03   4.25529107E-02   2.82028411E-02   1.25317206E-03  -2.28688447E-03   2.39452603E-03  -2.26952112E-03   2.06875522E-03  -1.84187363E-03   1.60868908E-03  -1.37823063E-03   1.15523033E-03  -9.42806015E-04   7.42607575E-04  -5.58127940E-04   3.91900685E-04  -2.48187454E-04   1.26105049E-04  -3.45010631E-05
   4.01881523E-02   4.45608282E-03   4.23917770E-02   3.52681205E-02   5.66558540E-02  -1.32283904E-02   1.00754527E-02  -8.32961220E-03   7.05072097E-03  -5.99864917E-03   5.08394977E-03  -4.26528743E-03   3.52152018E-03  -2.84212199E-03   2.22006976E-03  -1.65820331E-03   1.15901604E-03  -7.31593231E-04   3.70941765E-04  -1.01365105E-04
   5.31856492E-02  -1.90279144E-03   4.90112863E-02   2.59793736E-02   6.75677136E-02   5.14126197E-02   2.69442634E-03  -4.23730444E-03   4.30867588E-03  -4.00332175E-03   3.57103441E-03  -3.09620239E-03   2.61443644E-03  -2.14402634E-03   1.69431383E-03  -1.27633137E-03   8.97633901E-04  -5.69087570E-04   2.89354357E-04  -7.91946295E-05
   6.66171014E-02  -5.71080111E-03   5.08191995E-02   2.64446363E-02   6.27639070E-02   5.23441844E-02   8.69231001E-02  -1.65686328E-02   1.23087289E-02  -9.97548923E-03   8.25568940E-03  -6.83336006E-03   5.59450453E-03  -4.49008867E-03   3.49393557E-03  -2.60264706E-03   1.81569811E-03  -1.14460289E-03   5.79873042E-04  -1.58385941E-04
   8.08778480E-02  -1.00142173E-02   5.52455634E-02   2.12676451E-02   6.95413351E-02   4.14055735E-02   8.52069408E-02   7.94581771E-02   2.19118409E-03  -4.31656651E-03   4.47189435E-03  -4.11440432E-03   3.58033529E-03  -2.98769516E-03   2.38691270E-03  -1.81101856E-03   1.27981207E-03  -8.13992054E-04   4.14693262E-04  -1.13621958E-04
   9.48450416E-02  -1.20191751E-02   5.66108935E-02   2.09168121E-02   6.83030635E-02   4.50809859E-02   7.63845518E-02   6.60218224E-02  0.116135597      -1.75679848E-02   1.24424957E-02  -9.70650464E-03   7.71657005E-03  -6.09000167E-03   4.68959194E-03  -3.46942432E-03   2.40932731E-03  -1.51418743E-03   7.65672128E-04  -2.08919708E-04
  0.108755216      -1.39363138E-02   5.95980249E-02   1.73432622E-02   7.24579692E-02   3.97827737E-02   8.38696510E-02   5.33289872E-02   9.46301222E-02  0.109231517       1.30944056E-04  -2.91029923E-03   3.27045191E-03  -3.00055277E-03   2.51199771E-03  -1.95719535E-03   1.40558998E-03  -9.03046748E-04   4.62800439E-04  -1.27205873E-04
  0.121786259      -1.38550764E-02   6.01854846E-02   1.74455736E-02   7.11618140E-02   4.23403829E-02   7.96548501E-02   6.02109209E-02   8.18919614E-02   7.50219002E-02  0.141823873      -1.66437030E-02   1.08934985E-02  -7.96206202E-03   5.89739112E-03  -4.26632073E-03   2.92227650E-03  -1.82072213E-03   9.15969431E-04  -2.49243254E-04
  0.134143338      -1.35482484E-02   6.17683977E-02   1.56205399E-02   7.31329769E-02   3.96782309E-02   8.34118128E-02   5.48040532E-02   9.01003331E-02   6.05799444E-02   9.53064710E-02  0.137646899      -3.23160994E-03  -3.80900339E-04   1.15092890E-03  -1.18003681E-03   9.53247654E-04  -6.50979637E-04   3.44564760E-04  -9.62615668E-05
  0.145164937      -1.14350645E-02   6.09042086E-02   1.74646303E-02   7.01408237E-02   4.34499122E-02   7.87751824E-02   6.05881959E-02   8.26095268E-02   7.10185692E-02   7.82586560E-02   7.89362788E-02  0.161652729      -1.44327888E-02   8.29427037E-03  -5.39409136E-03   3.49618122E-03  -2.11076532E-03   1.04341609E-03  -2.81350542E-04
  0.155113652      -9.20899492E-03   6.06807731E-02   1.79157741E-02   6.97782263E-02   4.29707728E-02   8.03285614E-02   5.77540174E-02   8.70488137E-02   6.43654540E-02   8.85011107E-02   6.11636825E-02   8.88959244E-02  0.160817593      -6.93855202E-03   2.24887230E-03  -8.41191504E-04   3.08401621E-04  -9.86297891E-05   1.91175204E-05
  0.163447320      -5.48708485E-03   5.80020435E-02   2.19328254E-02   6.47913292E-02   4.83398065E-02   7.44749531E-02   6.42898679E-02   7.95618147E-02   7.32108578E-02   7.75618032E-02   7.58419484E-02   6.60570338E-02   7.78732374E-02  0.173879012      -1.21618854E-02   5.76525275E-03  -3.03502544E-03   1.40233722E-03  -3.65871587E-04
  0.170593187      -2.23789993E-03   5.64174615E-02   2.38702837E-02   6.32707849E-02   4.86653484E-02   7.54091591E-02   6.20336346E-02   8.32742155E-02   6.78052381E-02   8.50838050E-02   6.53622821E-02   8.15255642E-02   5.21731526E-02   8.00095126E-02  0.173598915      -9.24381521E-03   3.41772591E-03  -1.33523264E-03   3.20234220E-04
  0.176047817       1.93470519E-03   5.27544133E-02   2.89031286E-02   5.75257987E-02   5.46228588E-02   6.90319985E-02   6.90295175E-02   7.54661635E-02   7.66516924E-02   7.48803616E-02   7.74498060E-02   6.65000379E-02   7.28921220E-02   4.66936901E-02   7.45715201E-02  0.175309286      -1.01279719E-02   3.36638070E-03  -7.74858461E-04
  0.180399075       4.75556776E-03   5.11546619E-02   3.05969305E-02   5.65710589E-02   5.42741232E-02   7.06386343E-02   6.61630034E-02   7.96535164E-02   7.10372180E-02   8.20851028E-02   6.83932006E-02   7.78815821E-02   5.81076592E-02   6.84783757E-02   3.55173238E-02   7.33742565E-02  0.170689121      -8.97026435E-03   1.59357570E-03
  0.183041140       7.87999574E-03   4.79197167E-02   3.50150988E-02   5.14269769E-02   5.99237159E-02   6.42620474E-02   7.34286979E-02   7.13656396E-02   8.04752484E-02   7.13560432E-02   8.05821270E-02   6.40175864E-02   7.39427954E-02   5.01105003E-02   6.01655841E-02   2.71838252E-02   7.24786222E-02  0.159183800      -6.96494756E-03
  0.185128540       7.73286680E-03   5.00093140E-02   3.12419683E-02   5.75725324E-02   5.09434342E-02   7.62469023E-02   5.82545400E-02   8.99506509E-02   5.82340993E-02   9.75347906E-02   5.01266234E-02   9.91807356E-02   3.34966667E-02   9.64917988E-02   7.47967418E-03   8.84783417E-02  -1.96715686E-02  0.113124706      0.115575790    
