   1.5376620998149376E-002   3.5183023744059780E-002   5.3579610233587670E-002   6.9785338963028673E-002   8.3134602908491048E-002   9.3080500007780537E-002   9.9215742663555762E-002  0.10128912096278064        9.9215742663555762E-002   9.3080500007780537E-002   8.3134602908491048E-002   6.9785338963028673E-002   5.3579610233587670E-002   3.5183023744059780E-002   1.5376620998149376E-002
   6.0037409897558125E-003   3.1363303799638476E-002   7.5896708294791893E-002  0.13779113431991130       0.21451391369572947       0.30292432646121803       0.39940295300128270       0.50000000000000000       0.60059704699871730       0.69707567353878197       0.78548608630427053       0.86220886568008870       0.92410329170520811       0.96863669620036152       0.99399625901024424     
   7.6883104990278523E-003  -2.8820765229626614E-003   2.1497713568868052E-003  -1.7388496538019861E-003   1.4447041391563136E-003  -1.2087512459361025E-003   1.0073075528527131E-003  -8.2919827995674492E-004   6.6882097552949148E-004  -5.2345035117238616E-004   3.9204673069134310E-004  -2.7471562175475361E-004   1.7253812770645589E-004  -8.7779060264509828E-005   2.5062343754501343E-005
   1.6636222750977422E-002   1.7591511872017705E-002  -4.6635138656651431E-003   3.1535420516670756E-003  -2.4370936454156215E-003   1.9654599521151360E-003  -1.6035418051497385E-003   1.3026047364597920E-003  -1.0414855621407476E-003   8.1022819445484683E-004  -6.0428899504075858E-004   4.2219406852155597E-004  -2.6462968603017782E-004   1.3445727294166603E-004  -3.8363540071822569E-005
   1.4759665793586616E-002   3.8245317746395113E-002   2.6789805116821448E-002  -6.1612578219132682E-003   3.8854077848682216E-003  -2.8725872715936089E-003   2.2380918470931385E-003  -1.7688266043495789E-003   1.3895780566352154E-003  -1.0683344102608932E-003   7.9033394339449289E-004  -5.4907019093127104E-004   3.4283715236787762E-004  -1.7376894841960783E-004   4.9516101104541993E-005
   1.5759762106166371E-002   3.3593131847970081E-002   5.8310085109146460E-002   3.4892669481518770E-002  -7.3794094617197319E-003   4.4109680181107312E-003  -3.1309080275013644E-003   2.3528092447289328E-003  -1.7928315891520682E-003   1.3514426363265704E-003  -9.8660966733532594E-004   6.7926600044817566E-004  -4.2156371607375537E-004   2.1285364745734925E-004  -6.0531310167995746E-005
   1.5109407741208163E-002   3.6214415253622227E-002   5.1075494890202036E-002   7.5979806400411326E-002   4.1567301454280836E-002  -8.2827733654219100E-003   4.7328695554450916E-003  -3.2303967439584937E-003   2.3355819661589603E-003  -1.7052285606999084E-003   1.2194819541582933E-003  -8.2818570909134841E-004   5.0936412949572718E-004  -2.5573844484816626E-004   7.2513174785128714E-005
   1.5576303098944217E-002   3.4440109555151727E-002   5.5233147831278827E-002   6.6478299376090760E-002   9.0532340078557247E-002   4.6540250003894987E-002  -8.8394434055811960E-003   4.8467929813955125E-003  -3.1782242357026704E-003   2.1997331868404925E-003  -1.5230203882577093E-003   1.0132184770968219E-003  -6.1496168688095763E-004   3.0625402529152826E-004  -8.6472436875422104E-005
   1.5220506796337746E-002   3.5751657792320465E-002   5.2370970499470919E-002   7.1987524544659828E-002   7.9168848880523654E-002  0.10137333529673800        4.9607871331818598E-002  -9.0287755941281002E-003   4.7519548261792718E-003  -2.9816911415010664E-003   1.9570249045564457E-003  -1.2610232690366307E-003   7.5041569679169101E-004  -3.6932255182794223E-004   1.0365498841424782E-004
   1.5502500930352004E-002   3.4730560804908536E-002   5.4515278735108266E-002   6.8164319952331326E-002   8.5786000689370104E-002   8.8626498335570847E-002  0.10805970011325731        5.0644560481419430E-002  -8.8439574496987795E-003   4.4540016721886658E-003  -2.6513977808458422E-003   1.6210190107136325E-003  -9.3566850151761711E-004   4.5246293912194448E-004  -1.2587993223671173E-004
   1.5272966009709524E-002   3.5552346295863443E-002   5.2829194536796548E-002   7.1046362232073682E-002   8.1177578003969936E-002   9.6062191149258722E-002   9.4463787837397797E-002  0.11031789655686229        4.9607871331840948E-002  -8.2928352889940354E-003   3.9657540280023888E-003  -2.2021855816120469E-003   1.2086397341266851E-003  -5.6863404829463971E-004   1.5611420176803737E-004
   1.5463093435006740E-002   3.4876769718748160E-002   5.4194571920470773E-002   6.8772120485930316E-002   8.4657623296785847E-002   9.0880766820914435E-002  0.10239396689928404        9.6442327981355935E-002  0.10805518606913024        4.6540250003951615E-002  -7.3977371700470048E-003   3.3070395869626832E-003  -1.6535375976758746E-003   7.4291418887376972E-004  -1.9968210084959516E-004
   1.5304107823352188E-002   3.5438762188893018E-002   5.3070246104094145E-002   7.0613524672115291E-002   8.1915120954362070E-002   9.4785728568462985E-002   9.6880160697411913E-002  0.10451951770672700        9.4482873108110391E-002  0.10136327337315734        4.1567301454333336E-002  -6.1944674373725500E-003   2.5041153434111688E-003  -1.0313915095951866E-003   2.6721325687510911E-004
   1.5437152308310470E-002   3.4970170096590883E-002   5.4001173949666442E-002   6.9106072962570680E-002   8.4121212575853338E-002   9.1729057371434067E-002  0.10100857425272890        9.8936311718028733E-002  0.10234665069108365        8.8669531989615566E-002   9.0514012370227021E-002   3.4892669481626143E-002  -4.7304748755465113E-003   1.5898918960699283E-003  -3.8314110809599628E-004
   1.5327104897041179E-002   3.5356792692472945E-002   5.3236773081222537E-002   7.0334409153954239E-002   8.2344268965110823E-002   9.4148834418032512E-002   9.7826164606929167E-002  0.10305794756712192        9.6977650816470806E-002   9.5953087279362359E-002   7.9249195123598973E-002   7.5946596784976450E-002   2.6789805116872192E-002  -3.0622940023540624E-003   6.1695520447590266E-004
   1.5414984538219937E-002   3.5048566471114651E-002   5.3844239919620465E-002   6.9363144894502349E-002   8.3738891903540794E-002   9.2270271813318233E-002  0.10025722822570485        9.9986516226311606E-002  0.10081928446871551        9.1115040055654226E-002   8.5571696553906451E-002   6.6631796911353028E-002   5.8243124099288751E-002   1.7591511872120925E-002  -1.2596017529267320E-003
   1.5351558654394287E-002   3.5270802804324916E-002   5.3407072105879208E-002   7.0060054584786563E-002   8.2742556177795606E-002   9.3603950358959326E-002   9.8546921688017805E-002  0.10211831924274810        9.8208435110689662E-002   9.4289251253733261E-002   8.1689898769312208E-002   7.1524188616856291E-002   5.1429838876669812E-002   3.8065100267081271E-002   7.6883104990817224E-003
