   8.0086141016634787E-003   1.8476894887847126E-002   2.8567212737331312E-002   3.8050056809665354E-002   4.6722211726581066E-002   5.4398649583447777E-002   6.0915708026937875E-002   6.6134469316662517E-002   6.9943697395537296E-002   7.2262201994985162E-002   7.3040566824845207E-002   7.2262201994985162E-002   6.9943697395537296E-002   6.6134469316662517E-002   6.0915708026937875E-002   5.4398649583447777E-002   4.6722211726581066E-002   3.8050056809665354E-002   2.8567212737331312E-002   1.8476894887847126E-002   8.0086141016634787E-003
   3.1239146895943870E-003   1.6386580718144361E-002   3.9950332926102283E-002   7.3318317708247149E-002  0.11578001826169859       0.16643059790128484       0.22419058205639575       0.28782893989627945       0.35598934159879947       0.42721907291955263       0.50000000000000000       0.57278092708044737       0.64401065840120053       0.71217106010372055       0.77580941794360425       0.83356940209871522       0.88421998173830141       0.92668168229175285       0.96004966707389772       0.98361341928185564       0.99687608531040561     
   4.0043070639929528E-003  -1.5135943848313402E-003   1.1463573815614009E-003  -9.4858016446108253E-004   8.1305677255052717E-004  -7.0864326548230564E-004   6.2238349692184851E-004  -5.4783201846380193E-004   4.8142729960664183E-004  -4.2107157484467899E-004   3.6548556448359374E-004  -3.1388318253605516E-004   2.6579487033237369E-004  -2.2096676595778590E-004   1.7930212209072335E-004  -1.4082894170189747E-004   1.0568702361524036E-004  -7.4134472771514231E-005   4.6583610703468059E-005  -2.3704011045922581E-005   6.7682657887750699E-006
   8.6646655622333712E-003   9.2384474448376028E-003  -2.4866138599969625E-003   1.7200479284844525E-003  -1.3711763449445933E-003   1.1517780479671656E-003  -9.9016763749250705E-004   8.5987320691143865E-004  -7.4883471191501531E-004   6.5080970329663959E-004  -5.6230012948165040E-004   4.8125718337612236E-004  -4.0646792378120028E-004   3.3723945541427457E-004  -2.7322756561421721E-004   2.1434334336312280E-004  -1.6070859743263927E-004   1.1265115515087628E-004  -7.0750592928546998E-005   3.5989302667231891E-005  -1.0274252197346274E-005
   7.6872410210044196E-003   2.0085203802661350E-002   1.4283606355083705E-002  -3.3598399468394526E-003   2.1851085028492239E-003  -1.6821866708833851E-003   1.3805560700149864E-003  -1.1659298034995460E-003   9.9714841519660323E-004  -8.5591587723718942E-004   7.3297621645179853E-004  -6.2324862593128886E-004   5.2381226682999226E-004  -4.3296948480267176E-004   3.4977367358314851E-004  -2.7378069520332302E-004   2.0492190724982651E-004  -1.4345831429961453E-004   9.0015277188749382E-005  -4.5760546533186094E-005   1.3059382665347101E-005
   8.2082672462242493E-003   1.7641649230735315E-002   3.1089712557028661E-002   1.9025028407182117E-002  -4.1482857274032217E-003   2.5808987437072016E-003  -1.9286923386473249E-003   1.5478193737161413E-003  -1.2830228087549313E-003   1.0788037498703530E-003  -9.1068112315945235E-004   7.6636548824132657E-004  -6.3916248675074559E-004   5.2525454067840370E-004  -4.2244625553776661E-004   3.2953998678642336E-004  -2.4601703818598488E-004   1.7189249847882271E-004  -1.0770559964404778E-004   5.4702771204004695E-005  -1.5603508536908245E-005
   7.8692487642977524E-003   1.9019144074523112E-002   2.7231178794259521E-002   4.1428375216218234E-002   2.3361105860758607E-002  -4.8426122589176213E-003   2.9113155149057854E-003  -2.1202949420046384E-003   1.6659084164617481E-003  -1.3550269937937648E-003   1.1188250216403891E-003  -9.2703351882672069E-004   7.6450535788447809E-004  -6.2302050316289227E-004   4.9791834804193932E-004  -3.8655194736593674E-004   2.8753042915859861E-004  -2.0035357742859863E-004   1.2529474731455672E-004  -6.3554265667928678E-005   1.8115721799938519E-005
   8.1129411714918297E-003   1.8085685146721459E-002   2.9450605674728989E-002   3.6244803478036484E-002   5.0881461211952764E-002   2.7199324794040976E-002  -5.4306024504483224E-003   3.1738366759026973E-003  -2.2586731842923987E-003   1.7387819168388804E-003  -1.3872248222948746E-003   1.1232647023235339E-003  -9.1145063313678926E-004   7.3407755289313229E-004  -5.8157035550405036E-004   4.4854298022650691E-004  -3.3200386611783250E-004   2.3050232545996816E-004  -1.4377473400717223E-004   7.2803267325827694E-005  -2.0732953159642937E-005
   7.9267890982657341E-003   1.8777231606463763E-002   2.7919782999198423E-002   3.9254784719034805E-002   4.4489239237802798E-002   5.9248259797605542E-002   3.0457854008366106E-002  -5.9008522684269584E-003   3.3649100098132700E-003  -2.3435774467978191E-003   1.7680233039485467E-003  -1.3823345402595862E-003   1.0955784034251638E-003  -8.6787957865096710E-004   6.7936740065023440E-004  -5.1935113145657418E-004   3.8190225843723948E-004  -2.6387453272128304E-004   1.6403090846377064E-004  -8.2875126333755857E-005   2.3572926465202682E-005
   8.0749543394013530E-003   1.8236660313663978E-002   2.9070843640761481E-002   3.7159528540971529E-002   4.8220142685910176E-002   5.1788022621267901E-002   6.6350915983404521E-002   3.3067234659839136E-002  -6.2439061718959259E-003   3.4815123359212656E-003  -2.3746193613618733E-003   1.7547029952227936E-003  -1.3423481626344161E-003   1.0383849680085939E-003  -7.9939401815686429E-004   6.0381262579773081E-004  -4.4014711595317219E-004   3.0220194313688667E-004  -1.8702397597382322E-004   9.4219217894329343E-005  -2.6758172928797784E-005
   7.9534902723419308E-003   1.8674713158544371E-002   2.8159945831173240E-002   3.8748033799755423E-002   4.5609389143040635E-002   5.6155330683609568E-002   5.7985124089085224E-002   7.2038323939168120E-002   3.4971848692578328E-002  -6.4527611747134291E-003   3.5217381312407435E-003  -2.3519379602032751E-003   1.7000821626565626E-003  -1.2692420687760951E-003   9.5416651752886828E-004  -7.0887993251133924E-004   5.1068763199508312E-004  -3.4771065586043838E-004   2.1394145577805529E-004  -1.0737586613235397E-004   3.0433743574499914E-005
   8.0552802775470875E-003   1.8310487818014320E-002   2.8905579517950617E-002   3.7482006815491797E-002   4.7598324774427443E-002   5.3089702648009648E-002   6.2891300736466135E-002   6.2948184314694108E-002   7.6189424242273027E-002   3.6131100996542105E-002  -6.5231374467670114E-003   3.4850562955517643E-003  -2.2764769501246378E-003   1.6059066586827954E-003  -1.1652826111535250E-003   8.4558844355788463E-004  -5.9938744233371875E-004   4.0353393030004644E-004  -2.4638712371871044E-004   1.2305379781151220E-004  -3.4786779581536846E-005
   7.9685400400968855E-003   1.8619138603509361E-002   2.8280535202737045E-002   3.8524470828441550E-002   4.6006527526558531E-002   5.5431817320069063E-002   5.9441179606042054E-002   6.8284564779003673E-002   6.6571278517047125E-002   7.8715824910629076E-002   3.6520283407810321E-002  -6.4536229132494873E-003   3.3724188760544489E-003  -2.1500954599357044E-003   1.4745284183497710E-003  -1.0331677337798528E-003   7.1568419933460748E-004  -4.7441401343660495E-004   2.8667750554069361E-004  -1.4224369865449180E-004   4.0074070913530666E-005
   8.0434008883665271E-003   1.8353841106494344E-002   2.8813599836037356E-002   3.7646522882095357E-002   4.7321599169731166E-002   5.3553061141497445E-002   6.2080990636626136E-002   6.4528562659369668E-002   7.2220174344328925E-002   6.8777145700530604E-002   7.9563704270845179E-002   3.6131100993689366E-002  -6.2457268502102096E-003   3.1862850052713537E-003  -1.9755927130866349E-003   1.3089469394724428E-003  -8.7611305002668536E-004   5.6805000184680890E-004  -3.3836681262477784E-004   1.6640708620887447E-004  -4.6666163941310014E-005
   7.9781803633579111E-003   1.8584270769020451E-002   2.8353271260936761E-002   3.8397767466200092E-002   4.6211524096108840E-002   5.5107529517201742E-002   5.9961541507940995E-002   6.7403711387255857E-002   6.8243615230568447E-002   7.4614139958155468E-002   6.9518828689561052E-002   7.8714963175216673E-002   3.4971848692516752E-002  -5.9038546209565978E-003   2.9305839349599836E-003  -1.7566810961876700E-003   1.1128225809054865E-003  -6.9797698127630869E-004   4.0726687291666911E-004  -1.9781825626940622E-004   5.5123844156244120E-005
   8.0353722784372271E-003   1.8382675682742176E-002   2.8754236697474643E-002   3.7747854865139922E-002   4.7162358845159555E-002   5.3794836957582984E-002   6.1715102045086921E-002   6.5096084348791300E-002   7.1286045557893821E-002   7.0507499000083587E-002   7.5415186186068489E-002   6.8780689658316685E-002   7.6187603569789139E-002   3.3067234651569896E-002  -5.4352079626581720E-003   2.6106269681266062E-003  -1.4979309633386894E-003   8.9052827858661040E-004  -5.0363093697707246E-004   2.4023458600733123E-004  -6.6340220016753018E-005
   7.9850411778796537E-003   1.8559770024624285E-002   2.8403181816987772E-002   3.8313931340411084E-002   4.6340309470301926E-002   5.4918000715305122E-002   6.0236340625521329E-002   6.7002348896578620E-002   6.8848118990246468E-002   7.3644536537785799E-002   7.1272543517533440E-002   7.4605779446324974E-002   6.6578787378764756E-002   7.2035321595880414E-002   3.0457854005011033E-002  -4.8496102125272665E-003   2.2329724874501993E-003  -1.2047279014085262E-003   6.4742970660494896E-004  -3.0033671039536526E-004   8.1825023988923054E-005
   8.0293470566897736E-003   1.8404091628288818E-002   2.8710987463361943E-002   3.7819554481414316E-002   4.7054215595356941E-002   5.3950106602460975E-002   6.1497278383178373E-002   6.5400391763141441E-002   7.0855148029185508E-002   7.1138937292207910E-002   7.4427791647624156E-002   7.0523420077470103E-002   7.2202370581126038E-002   6.2960632636874028E-002   6.6346310486291124E-002   2.7199324780000107E-002  -4.1592494893994440E-003   1.8052533403190882E-003  -8.8339296813050219E-004   3.9120974671865430E-004  -1.0432704699818587E-004
   7.9904983810443909E-003   1.8540449159077127E-002   2.8441917984643076E-002   3.8250410384962179E-002   4.6434681298996749E-002   5.4785201530867106E-002   6.0417789678615962E-002   6.6757489820454208E-002   6.9179192036624121E-002   7.3189235515260437E-002   7.1921741801295722E-002   7.3617228991225692E-002   6.8277788975942652E-002   6.8254764262924691E-002   5.8004392503371145E-002   5.9241261860514378E-002   2.3361105848712638E-002  -3.3783184020032241E-003   1.3360339156028385E-003  -5.4224918426201685E-004   1.3936536219676386E-004
   8.0242176109264329E-003   1.8422192120107928E-002   2.8674918333925329E-002   3.7878164309349503E-002   4.6968228766167165E-002   5.4069109596249991E-002   6.1338154282863815E-002   6.5609214775699545E-002   7.0582859882457424E-002   7.1495836506671531E-002   7.3951247947996041E-002   7.1183398245187712E-002   7.1226720204173671E-002   6.4586649943132637E-002   6.2844400365156566E-002   5.1817750835985700E-002   5.0870497474075682E-002   1.9025028385589469E-002  -2.5224998463850082E-003   8.3524565818866522E-004  -1.9965311858943660E-004
   7.9955547193971636E-003   1.8522655436199815E-002   2.8477197458710912E-002   3.8193515122639458E-002   4.6517289820430262E-002   5.4672430278014883E-002   6.0565934354091196E-002   6.6567438800671258E-002   6.9419885129564457E-002   7.2885450619972009E-002   7.2307590609450204E-002   7.3118117871024346E-002   6.8946548981717190E-002   6.7300399118562892E-002   5.9535151958889442E-002   5.6080836250404192E-002   4.4537103227050547E-002   4.1409896780157954E-002   1.4283606329378723E-002  -1.6083089126934719E-003   3.2137310698035162E-004
   8.0188883539524976E-003   1.8440905586162390E-002   2.8637963329234177E-002   3.7937405654684030E-002   4.6882920323408156E-002   5.4184306241245435E-002   6.1188935591036560E-002   6.5797229863177667E-002   7.0350165316936247E-002   7.1780944814481260E-002   7.3602866950917001E-002   7.1611392295700488E-002   7.0692532102744260E-002   6.5274596115305103E-002   6.1905875657802180E-002   5.3246871543372237E-002   4.8093388059499448E-002   3.6330008904883498E-002   3.1053826579181817E-002   9.2384474160372744E-003  -6.5605143151624889E-004
   8.0018458359410235E-003   1.8500598898907549E-002   2.8520629126774659E-002   3.8124191281925943E-002   4.6616524703621071E-002   5.4539478524344563E-002   6.0736405905865667E-002   6.6355436081376354E-002   6.9677902526690816E-002   7.2576085175775643E-002   7.2675081262384950E-002   7.2683273567509518E-002   6.9462270098569145E-002   6.6682301332146546E-002   6.0293324533367325E-002   5.5107292845142895E-002   4.5909154957959109E-002   3.8998636970364736E-002   2.7420855364439781E-002   1.9990489254241930E-002   4.0043070492627670E-003
