           8
   5.06142681451881295762656771549859085E-0002  0.111190517226687235272177997213122072        0.156853322938943643668981100993301125        0.181341891689180991482575224638597640        0.181341891689180991482575224638597640        0.156853322938943643668981100993301125        0.111190517226687235272177997213122072         5.06142681451881295762656771549859085E-0002
   1.98550717512318841582195657152637545E-0002  0.101666761293186630204223031762085066        0.237233795041835507091130475405376882        0.408282678752175097530261928819907870        0.591717321247824902469738071180092130        0.762766204958164492908869524594623118        0.898333238706813369795776968237914934        0.980144928248768115841780434284736245      
   2.53071340725940647881328385774912871E-0002  -9.10594330597007502136365210466474009E-0003   6.28083114703047398060942073780788304E-0003  -4.48301561305475144191331423530174293E-0003   3.07849136832677988985383064911724618E-0003  -1.91767525463695234092563511949452600E-0003   9.72757664059263526724523824088835291E-0004  -2.77508327116919222898446613780221525E-0004
   5.47593217675543202831907973850036102E-0002   5.55952586133436176360889986065602598E-0002  -1.36397962357816692530306620699756636E-0002   8.14970885836055053604042748372882724E-0003  -5.21535208914715338024336977463741017E-0003   3.13975298546366894234500690115613206E-0003  -1.56493491094894237579511140443036336E-0003   4.42802304342237815626944634681031278E-0004
   4.85875359989128809431601473474412072E-0002  0.120859524997173167441653743003484071         7.84266614694718218344905504966522840E-0002  -1.59751033618784314756701138556969581E-0002   8.37173272022616378691032206439090299E-0003  -4.64346586210447979012617007024492399E-0003   2.22571477528489971831530140789328311E-0003  -6.18805695250515367603304988539796543E-0004
   5.18655209705812345653120779649701824E-0002  0.106193490148348406878869450082581772        0.170671134274553621284710784603994614         9.06709458445904957412876123193010712E-0002  -1.60210413210250131687052177938007990E-0002   7.24120656122226986180306301493878000E-0003  -3.19781431036077032248274309542090764E-0003   8.59236584264852689466901723348625404E-0004
   4.97550315609232768867987754316363032E-0002  0.114388331537048005594660740308541671        0.149612116377721373807178037978361487        0.197362933010206004651280442432399267         9.06709458445904957412876123193030693E-0002  -1.38178113356099776157296836106941058E-0002   4.99702707833882839330854713053831006E-0003  -1.25125282539310498904640080998590359E-0003
   5.12330738404386449438689821435252300E-0002  0.108964802451402335553862695805227929        0.161496788801048123459107271063545788        0.172970158968954827695664902574206223        0.197316995051059422958245338494296401         7.84266614694718218344905504966541257E-0002  -9.66900777048593216947574579036467871E-0003   2.02673214627524863310552980754228263E-0003
   5.01714658408458917606387325203046617E-0002  0.112755452137636177647973108617552261        0.153713569953479974726636094092144563        0.186557243778328144862818594413235357        0.173192182830820440946534797154868296        0.170493119174725312922011763063279154         5.55952586133436176360889986065641177E-0002  -4.14505362236619070692512023002140536E-0003
   5.08917764723050487991641237687661339E-0002  0.110217759562627971745453473389033008        0.158770998193580596009906736112795978        0.178263400320854211592721393989479852        0.185824907302235742924488538873900194        0.150572491791913169688371680255492280        0.120296460532657310293541649317788961         2.53071340725940647881328385774930506E-0002
