           7
   6.4742483084433824E-002  0.13985269574463843       0.19091502525255952       0.20897959183673470       0.19091502525255952       0.13985269574463843        6.4742483084433824E-002
   2.5446043828620701E-002  0.12923440720030288       0.29707742431130141       0.50000000000000000       0.70292257568869854       0.87076559279969712       0.97455395617137930     
   3.2371241542217301E-002  -1.1451017283183816E-002   7.6332038724235178E-003  -5.1337335632253272E-003   3.1750587736856270E-003  -1.6068190370460995E-003   4.5810952374945017E-004
   7.0043541378725871E-002   6.9926347872319369E-002  -1.6590006578847967E-002   9.3496227834434543E-003  -5.3970919318962127E-003   2.6458438667300724E-003  -7.4385019017193202E-004
   6.2153935787349478E-002  0.15200552205783138        9.5457512626279092E-002  -1.8375244215451635E-002   8.7125625984750613E-003  -3.9535801588103736E-003   1.0767156156278972E-003
   6.6332928617684028E-002  0.13359576922388269       0.20770188076597051       0.10448979591836707       -1.6786855513411417E-002   6.2569265207561000E-003  -1.5904455332498655E-003
   6.3665767468806075E-002  0.14380627590344913       0.18220246265408407       0.22735483605218670        9.5457512626278884E-002  -1.2152826313192557E-002   2.5885472970849539E-003
   6.5486333274605776E-002  0.13720685187790857       0.19631211718445549       0.19962996905329164       0.20750503183140703        6.9926347872318301E-002  -5.3010582942911652E-003
   6.4284373560684394E-002  0.14145951478168448       0.18773996647887395       0.21411332539995986       0.18328182138013632       0.15130371302782161        3.2371241542216905E-002
