   8.8070035675937453E-003   2.0300714907973066E-002   3.1336024160091534E-002   4.1638370788761918E-002   5.0965059907541695E-002   5.9097265980676904E-002   6.5844319224551237E-002   7.1048054659194573E-002   7.4586493236302107E-002   7.6376693565363057E-002   7.6376693565363057E-002   7.4586493236302107E-002   7.1048054659194573E-002   6.5844319224551237E-002   5.9097265980676904E-002   5.0965059907541695E-002   4.1638370788761918E-002   3.1336024160091534E-002   2.0300714907973066E-002   8.8070035675937453E-003
   3.4357004074440090E-003   1.8014036361994501E-002   4.3882785873698260E-002   8.0441514088702426E-002  0.12683404676972554       0.18197315963673144       0.24456649902457939       0.31314695564229084       0.38610707442917769       0.46173673943325161       0.53826326056674845       0.61389292557082231       0.68685304435770922       0.75543350097542061       0.81802684036326856       0.87316595323027446       0.91955848591129752       0.95611721412630168       0.98198596363800550       0.99656429959255599     
   4.4035017847287652E-003  -1.6629960557256341E-003   1.2574521847030231E-003  -1.0379957748940911E-003   8.8679791079473817E-004  -7.6967178676743341E-004   6.7242873025914935E-004  -5.8803864518388574E-004   5.1264290866881543E-004  -4.4399360765032540E-004   3.8074486711431327E-004  -3.2209626603335037E-004   2.6760017643749005E-004  -2.1705341024654749E-004   1.7043701870147132E-004  -1.2788821228420564E-004   8.9700603179090725E-005  -5.6362772622654047E-005   2.8679706902848748E-005  -8.1889526509693528E-006
   9.5284565958998497E-003   1.0150357451333221E-002  -2.7276102921237259E-003   1.8822074301367590E-003  -1.4955686252854890E-003   1.2510101786714289E-003  -1.0698357034803249E-003   9.2303951807439280E-004  -7.9745511124419731E-004   6.8631105334561568E-004  -5.8585489972863330E-004   4.9393155547366606E-004  -4.0931166144470650E-004   3.3134839043408293E-004  -2.5979558240257945E-004   1.9471659843735425E-004  -1.3645744391844791E-004   8.5689501661964993E-005  -4.3584630648552519E-005   1.2442038732557719E-005
   8.4535960726188873E-003   2.2067768646340913E-002   1.5668012081201714E-002  -3.6766527118397181E-003   2.3834172442939415E-003  -1.8272129092154876E-003   1.4917507755825661E-003  -1.2517146382864583E-003   1.0620447181621737E-003  -9.0277440721306097E-004   7.6386140669934565E-004  -6.3985109588418024E-004   5.2766825192201961E-004  -4.2559403746826076E-004   3.3275620912983305E-004  -2.4887109232524918E-004   1.7413264457364944E-004  -1.0922354810046360E-004   5.5513045711633238E-005  -1.5840782376709053E-005
   9.0265518453680263E-003   1.9383047957477889E-002   3.4102983489157065E-002   2.0819185395487938E-002  -4.5249103319244047E-003   2.8035810332833798E-003  -2.0842431598357171E-003   1.6619416303647861E-003  -1.3667936964816920E-003   1.1381600679551528E-003  -9.4937018780254386E-004   7.8710974977496274E-004  -6.4420152968565618E-004   5.1663510147184264E-004  -4.0220328204569063E-004   2.9983636371547624E-004  -2.0928748794237615E-004   1.3104798915685538E-004  -6.6529588290727723E-005   1.8972729184133099E-005
   8.6537606939887882E-003   2.0896438957169621E-002   2.9870572726144906E-002   4.5335215147042390E-002   2.5482529953052221E-002  -5.2607342073740151E-003   3.1464474460105706E-003  -2.2770018541534058E-003   1.7750972496953326E-003  -1.4300383182520562E-003   1.1668444874910419E-003  -9.5263457940273732E-004   7.7104727616589144E-004  -6.1330257944379853E-004   4.7453770196879031E-004  -3.5214101243554672E-004   2.4496581975128837E-004  -1.5301915820303927E-004   7.7560708382276607E-005  -2.2099688367683668E-005
   8.9217043447197136E-003   1.9870975882992040E-002   3.2304894500721312E-002   3.9663041734813817E-002   5.5501879498645351E-002   2.9548632991134395E-002  -5.8697270495407195E-003   3.4089684392924527E-003  -2.4073258915452453E-003   1.8356998789160407E-003  -1.4474682600301931E-003   1.1550170033320681E-003  -9.1999174549083637E-004   7.2335679311260031E-004  -5.5495305317976805E-004   4.0923792368408024E-004  -2.8338179628229686E-004   1.7644228454091041E-004  -8.9243317166067335E-005   2.5399473352050456E-005
   8.7170628998285826E-003   2.0630560053498354E-002   3.0626083825010229E-002   4.2956396255202152E-002   4.8529635188914406E-002   6.4365523360909865E-002   3.2922159611039059E-002  -6.3388591868165428E-003   3.5872439373847522E-003  -2.4751362416863334E-003   1.8457846023873369E-003  -1.4224262202007145E-003   1.1068733863987764E-003  -8.5621651300255279E-004   6.4923457751118812E-004  -4.7471069745074710E-004   3.2670766672763884E-004  -2.0254480876071154E-004   1.0215929456729437E-004  -2.9031967836571947E-005
   8.8798959033070512E-003   2.0036972814642146E-002   3.1888097832814787E-002   4.0664374498211073E-002   5.2598426738776113E-002   5.6261710308022551E-002   7.1718904669040615E-002   3.5524027330299336E-002  -6.6577572080546007E-003   3.6782469838886121E-003  -2.4804033991948165E-003   1.8069763272203221E-003  -1.3575825467147351E-003   1.0258032396844731E-003  -7.6524258329567821E-004   5.5309706700692280E-004  -3.7754027585379808E-004   2.3273015972480207E-004  -1.1695350964866900E-004   3.3171291192965199E-005
   8.7464718611315467E-003   2.0517763700579773E-002   3.0889827304958515E-002   4.2401391818305753E-002   4.9752133359689157E-002   6.1004667340437260E-002   6.2677530911464857E-002   7.7389962925592651E-002   3.7293246616770026E-002  -6.8192802494676371E-003   3.6804716262459330E-003  -2.4238719994343970E-003   1.7212520285211663E-003  -1.2557057188822367E-003   9.1515694126058670E-004  -6.5093660121473670E-004   4.3940888172386110E-004  -2.6882064747478642E-004   1.3443672233923005E-004  -3.8032394874775752E-005
   8.8582005140450479E-003   2.0118295312697307E-002   3.1706416743450337E-002   4.1017878744670624E-002   5.1919303736068852E-002   5.7676873990258226E-002   6.7978133260065812E-002   6.7626431119632111E-002   8.1245935748979731E-002   3.8188346783695495E-002  -6.8198200610703067E-003   3.5942047156940164E-003  -2.3073509478229379E-003   1.5912502228070853E-003  -1.1199937150444378E-003   7.7861840404771186E-004  -5.1756924856737594E-004   3.1339900178529312E-004  -1.5571861965271507E-004   4.3903725710785441E-005
   8.7630998443032921E-003   2.0456433521947943E-002   3.1022625159839300E-002   4.2155940040058203E-002   5.0186441502022068E-002   6.0217259697959262E-002   6.4253069000207649E-002   7.3355405608129892E-002   7.0992288519950625E-002   8.3196513625681215E-002   3.8188346781527632E-002  -6.6594425138865477E-003   3.4216235404387215E-003  -2.1338140367096123E-003   1.4203919922428023E-003  -9.5424382947396273E-004   6.2049204638064980E-004  -3.7039258079211637E-004   1.8241958858259042E-004  -5.1196943760557696E-005
   8.8450359645414981E-003   2.0166278181070963E-002   3.1604844808130667E-002   4.1198961910112977E-002   5.1615996506805858E-002   5.8182109042012237E-002   6.7100024941552094E-002   6.9326802632150186E-002   7.7010365234645939E-002   7.2696221939841987E-002   8.3195973813064997E-002   3.7293246619484306E-002  -6.3419082665767575E-003   3.1667883124228474E-003  -1.9074013584387231E-003   1.2129265474508516E-003  -7.6302102774400415E-004   4.4619685870835409E-004  -2.1704880013170659E-004   6.0531709323334926E-005
   8.7738322780880861E-003   2.0417668414158492E-002   3.1103294000156736E-002   4.2015911067818448E-002   5.0411962838317746E-002   5.9862508566675861E-002   6.4818515982886099E-002   7.2405637207483581E-002   7.2779516907896830E-002   7.8857096965382706E-002   7.2698446580898163E-002   8.1244250442759694E-002   3.5524027329319696E-002  -5.8745854453697878E-003   2.8355556737373467E-003  -1.6333668312711104E-003   9.7399629194760897E-004  -5.5207366830081360E-004   2.6374208524166184E-004  -7.2892332796632706E-005
   8.8360355367302270E-003   2.0198555610936520E-002   3.1538568968131682E-002   4.1311663125105945E-002   5.1439770602761600E-002   5.8448031405721503E-002   6.6700535735683700E-002   6.9941181274292163E-002   7.6008919455356205E-002   7.4530908963806736E-002   7.8851829806512813E-002   7.0999249298901335E-002   7.7386913843973656E-002   3.2922159613926964E-002  -5.2682573798361193E-003   2.4354247190021719E-003  -1.3180254654331124E-003   7.0994034016993838E-004  -3.2984515390774283E-004   8.9940670637976450E-005
   8.7816040951827160E-003   2.0389958223499281E-002   3.1159581874597189E-002   4.1921752587744922E-002   5.0555821981842601E-002   5.9652219036060695E-002   6.5120962429832660E-002   7.1968046405979189E-002   7.3431476231962986E-002   7.7824161826147917E-002   7.4540993685923790E-002   7.6993819128129012E-002   6.7639086219279027E-002   7.1714046271677073E-002   2.9548632991394298E-002  -4.5368195910933194E-003   1.9753290549319523E-003  -9.6887033525098348E-004   4.2973901662188676E-004  -1.1470077438491236E-004
   8.8291032565994236E-003   2.0223154198568467E-002   3.1489043317393835E-002   4.1393404971097475E-002   5.1317200918438728E-002   5.8622728280309296E-002   6.6457621802897354E-002   7.0277007383856407E-002   7.5539127815128670E-002   7.5209849078220745E-002   7.7806731883483249E-002   7.2811395986519922E-002   7.3325056513560874E-002   6.2697871777117956E-002   6.4358000186629738E-002   2.5482529956635681E-002  -3.6968443580190904E-003   1.4654514396796289E-003  -5.9572405746750802E-004   1.5324287621783773E-004
   8.7880308387954451E-003   2.0367244495708953E-002   3.1204976170188473E-002   4.1847658278207064E-002   5.0665223542682949E-002   5.9499469263899547E-002   6.5327684122229376E-002   7.1692256189576212E-002   7.3799383485968692E-002   7.7326063753607954E-002   7.5238533497069909E-002   7.5953286933022279E-002   6.9386113028672397E-002   6.7928562384161201E-002   5.6293684946349919E-002   5.5489970238098971E-002   2.0819185396426663E-002  -2.7669593244160863E-003   9.1766694283886550E-004  -2.1954827537793448E-004
   8.8228443501952580E-003   2.0245201861919256E-002   3.1445247707869592E-002   4.1464238144827505E-002   5.1213930999541149E-002   5.8764509771763056E-002   6.6269913262123184E-002   7.0520386406940500E-002   7.5226344332752229E-002   7.5612832157858648E-002   7.7279467973636273E-002   7.3524448516797403E-002   7.2299769299142558E-002   6.4352568446854191E-002   6.0924478891899052E-002   4.8581642659878542E-002   4.5315023501624627E-002   1.5668012086359481E-002  -1.7670537469810258E-003   3.5340749757124931E-004
   8.7945615289334363E-003   2.0344299538554236E-002   3.1250334658155875E-002   4.1774828233154739E-002   5.0770343308678641E-002   5.9357061563551840E-002   6.5512970833672843E-002   7.1457366321108426E-002   7.4092561680322355E-002   7.6962548465650996E-002   7.5690382511386864E-002   7.5383948348274096E-002   7.0125015140249353E-002   6.6914154929116232E-002   5.7846255800313232E-002   5.2460628535123711E-002   3.9756163353381557E-002   3.4063634461610863E-002   1.0150357449119594E-002  -7.2145302618335436E-004
   8.8151925202470810E-003   2.0272035201097643E-002   3.1392386932583151E-002   4.1548670185797387E-002   5.1092948119568868E-002   5.8926828962299359E-002   6.6061372634415222E-002   7.0780454483214586E-002   7.4908589501794465E-002   7.5995948698883126E-002   7.6820687172273930E-002   7.4073850328493146E-002   7.1636093303375351E-002   6.5171890495473631E-002   5.9866937765984486E-002   5.0078261998531652E-002   4.2676366561129365E-002   3.0078571978524989E-002   2.1963710961537288E-002   4.4035017834443257E-003
