          15
   1.50247738E-02   3.55773084E-02   5.33501916E-02   6.98378384E-02   8.31337348E-02   9.30813625E-02   9.92157608E-02  0.101289123       9.92157608E-02   9.30813625E-02   8.31337348E-02   6.98378384E-02   5.33501916E-02   3.55773084E-02   1.50247738E-02
   5.99542260E-03   3.13807726E-02   7.58851767E-02  0.137794077      0.214513719      0.302924484      0.399402946      0.500000000      0.600597084      0.697075486      0.785486281      0.862205923      0.924114823      0.968619227      0.994004607    
   7.67208310E-03  -2.87369383E-03   2.14517931E-03  -1.73444557E-03   1.44120434E-03  -1.20581605E-03   1.00486481E-03  -8.27187498E-04   6.67200191E-04  -5.22181450E-04   3.91098874E-04  -2.74029677E-04   1.72144442E-04  -8.75828846E-05   2.49704572E-05
   1.66214686E-02   1.76331792E-02  -4.69216285E-03   3.17312917E-03  -2.45313067E-03   1.97865115E-03  -1.61444070E-03   1.31152582E-03  -1.04865653E-03   8.15825944E-04  -6.08478091E-04   4.25092177E-04  -2.66505667E-04   1.35417635E-04  -3.85822023E-05
   1.47415027E-02   3.82794142E-02   2.67181396E-02  -6.12062775E-03   3.85511247E-03  -2.84815137E-03   2.21813703E-03  -1.75259379E-03   1.37658662E-03  -1.05821830E-03   7.82789255E-04  -5.43753325E-04   3.39576247E-04  -1.72120199E-04   4.89751656E-05
   1.57271363E-02   3.36321071E-02   5.82538992E-02   3.49321440E-02  -7.42154568E-03   4.44424385E-03  -3.15792602E-03   2.37471773E-03  -1.81034126E-03   1.36506092E-03  -9.96772549E-04   6.86312560E-04  -4.26071667E-04   2.15155203E-04  -6.10999414E-05
   1.50593258E-02   3.62695456E-02   5.10051921E-02   7.60469884E-02   4.14834246E-02  -8.23916495E-03   4.69735079E-03  -3.20151774E-03   2.31246906E-03  -1.68722728E-03   1.20605156E-03  -8.18732078E-04   5.03542775E-04  -2.52793281E-04   7.15693168E-05
   1.55013558E-02   3.45208459E-02   5.51368780E-02   6.65692389E-02   9.04584378E-02   4.65593003E-02  -8.88830703E-03   4.88655642E-03  -3.21012875E-03   2.22461694E-03  -1.54162501E-03   1.02615543E-03  -6.23209751E-04   3.10465373E-04  -8.75474288E-05
   1.51147172E-02   3.58724892E-02   5.22342138E-02   7.21111968E-02   7.90688470E-02  0.101454616       4.94867899E-02  -8.97349138E-03   4.70738951E-03  -2.94693327E-03   1.93107221E-03  -1.24277733E-03   7.39124662E-04  -3.63606203E-04   1.01875099E-04
   1.53581873E-02   3.49045470E-02   5.43273687E-02   6.83273003E-02   8.56559500E-02   8.87331665E-02  0.107971579       5.06484173E-02  -8.90000258E-03   4.49708523E-03  -2.68351519E-03   1.64334313E-03  -9.49861715E-04   4.59710980E-04  -1.27760868E-04
   1.50866415E-02   3.57858837E-02   5.25916368E-02   7.12377429E-02   8.10315460E-02   9.61780176E-02   9.43723768E-02  0.110389464       4.94697578E-02  -8.24645814E-03   3.92994704E-03  -2.17681844E-03   1.19293132E-03  -5.60693967E-04   1.53619287E-04
   1.52338007E-02   3.51671204E-02   5.39198220E-02   6.89749643E-02   8.45102221E-02   9.09976065E-02  0.102298386       9.65245813E-02  0.107983068       4.65040542E-02  -7.43814604E-03   3.33274505E-03  -1.66953937E-03   7.51044427E-04  -2.01686620E-04
   1.50360530E-02   3.57750133E-02   5.27789593E-02   7.08035603E-02   8.17871168E-02   9.48855281E-02   9.68000740E-02  0.104583718       9.44389105E-02  0.101383217       4.14555520E-02  -6.18767086E-03   2.49673985E-03  -1.02723204E-03   2.65547511E-04
   1.51370615E-02   3.53357233E-02   5.37172109E-02   6.92598224E-02   8.40331763E-02   9.17929262E-02  0.100962028       9.89689156E-02  0.102326877       8.86893570E-02   9.04752910E-02   3.48215140E-02  -4.76329634E-03   1.60352373E-03  -3.86040803E-04
   1.50014618E-02   3.57443839E-02   5.29609099E-02   7.04632178E-02   8.22715461E-02   9.42135528E-02   9.77638140E-02  0.103122436       9.69071612E-02   9.60381851E-02   7.91603848E-02   7.59911612E-02   2.66975164E-02  -3.09204427E-03   6.22688502E-04
   1.50746861E-02   3.54373939E-02   5.36014661E-02   6.94360659E-02   8.37263763E-02   9.22718644E-02  0.100265861       9.99678373E-02  0.100850470       9.10661966E-02   8.56640711E-02   6.64790943E-02   5.83952442E-02   1.73778180E-02  -1.25576230E-03
   1.50037566E-02   3.56577449E-02   5.31875789E-02   7.00963065E-02   8.27684477E-02   9.35660228E-02   9.85985920E-02  0.102052264       9.82911065E-02   9.41870511E-02   8.18209797E-02   7.13997185E-02   5.14293350E-02   3.82021852E-02   7.47615146E-03
