          20
   8.8070035846546640E-003   2.0300714902214603E-002   3.1336024168053922E-002   4.1638370789362625E-002   5.0965059909320196E-002   5.9097265980574493E-002   6.5844319224619974E-002   7.1048054659191021E-002   7.4586493236302107E-002   7.6376693565362974E-002   7.6376693565362974E-002   7.4586493236302107E-002   7.1048054659191021E-002   6.5844319224619974E-002   5.9097265980574493E-002   5.0965059909320196E-002   4.1638370789362625E-002   3.1336024168053922E-002   2.0300714902214603E-002   8.8070035846546640E-003
   3.4357004074526687E-003   1.8014036361043151E-002   4.3882785874337416E-002   8.0441514088890553E-002  0.12683404676992449       0.18197315963674265       0.24456649902458638       0.31314695564229017       0.38610707442917758       0.46173673943325144       0.53826326056674856       0.61389292557082242       0.68685304435770989       0.75543350097541362       0.81802684036325735       0.87316595323007551       0.91955848591110945       0.95611721412566264       0.98198596363895685       0.99656429959254733     
   4.4035017849635271E-003  -1.6629960557509840E-003   1.2574521846567105E-003  -1.0379957749070345E-003   8.8679791081069297E-004  -7.6967178678312865E-004   6.7242873027146806E-004  -5.8803864519424464E-004   5.1264290867765309E-004  -4.4399360765792371E-004   3.8074486712083393E-004  -3.2209626603891628E-004   2.6760017644222362E-004  -2.1705341025055863E-004   1.7043701870499202E-004  -1.2788821228677618E-004   8.9700603180485389E-005  -5.6362772621512775E-005   2.8679706901713334E-005  -8.1889526514846402E-006
   9.5284565963167246E-003   1.0150357450112325E-002  -2.7276102911543859E-003   1.8822074295304818E-003  -1.4955686247962415E-003   1.2510101782579415E-003  -1.0698357031206399E-003   9.2303951776125668E-004  -7.9745511097209694E-004   6.8631105311058006E-004  -5.8585489952752670E-004   4.9393155530388737E-004  -4.0931166130399148E-004   3.3134839032031494E-004  -2.5979558231387383E-004   1.9471659837072102E-004  -1.3645744387110896E-004   8.5689501629161765E-005  -4.3584630631020326E-005   1.2442038728828013E-005
   8.4535960734873940E-003   2.2067768645333635E-002   1.5668012084966931E-002  -3.6766527137230445E-003   2.3834172457347438E-003  -1.8272129104078502E-003   1.4917507765923983E-003  -1.2517146391539669E-003   1.0620447189098429E-003  -9.0277440785566185E-004   7.6386140724747642E-004  -6.3985109634615901E-004   5.2766825230492296E-004  -4.2559403777848065E-004   3.3275620937373587E-004  -2.4887109250788819E-004   1.7413264470083524E-004  -1.0922354817641718E-004   5.5513045749187643E-005  -1.5840782389054271E-005
   9.0265518471464960E-003   1.9383047956476121E-002   3.4102983491679686E-002   2.0819185394995735E-002  -4.5249103303657435E-003   2.8035810319784120E-003  -2.0842431587104870E-003   1.6619416293907154E-003  -1.3667936956384870E-003   1.1381600672286361E-003  -9.4937018718194740E-004   7.8710974925158626E-004  -6.4420152925203039E-004   5.1663510112110833E-004  -4.0220328177150133E-004   2.9983636350976612E-004  -2.0928748779723872E-004   1.3104798906102085E-004  -6.6529588240688459E-005   1.8972729171795641E-005
   8.6537606967097350E-003   2.0896438955978730E-002   2.9870572728952164E-002   4.5335215144721372E-002   2.5482529957710161E-002  -5.2607342091627865E-003   3.1464474474769159E-003  -2.2770018554016530E-003   1.7750972507671247E-003  -1.4300383191715566E-003   1.1668444882745781E-003  -9.5263458006272642E-004   7.7104727671270230E-004  -6.1330257988669902E-004   4.7453770231693998E-004  -3.5214101269621614E-004   2.4496581993280794E-004  -1.5301915831154416E-004   7.7560708435952096E-005  -2.2099688385276543E-005
   8.9217043485030068E-003   1.9870975881683402E-002   3.2304894504054715E-002   3.9663041731842853E-002   5.5501879501169159E-002   2.9548632992901391E-002  -5.8697270481033095E-003   3.4089684379910571E-003  -2.4073258904010217E-003   1.8356998779224336E-003  -1.4474682591774696E-003   1.1550170026107176E-003  -9.1999174489190878E-004   7.2335679262740954E-004  -5.5495305280001800E-004   4.0923792339893361E-004  -2.8338179608101201E-004   1.7644228440814855E-004  -8.9243317096777370E-005   2.5399473334880560E-005
   8.7170629047145093E-003   2.0630560051906395E-002   3.0626083829108555E-002   4.2956396251896518E-002   4.8529635191312814E-002   6.4365523359101048E-002   3.2922159618122115E-002  -6.3388591889404194E-003   3.5872439391122124E-003  -2.4751362431389761E-003   1.8457846036128514E-003  -1.4224262212269758E-003   1.1068733872458558E-003  -8.5621651368686293E-004   6.4923457804796881E-004  -4.7471069785218651E-004   3.2670766700715570E-004  -2.0254480892888907E-004   1.0215929465079294E-004  -2.9031967863394512E-005
   8.8798959094277975E-003   2.0036972812561869E-002   3.1888097838034764E-002   4.0664374494121851E-002   5.2598426742060431E-002   5.6261710304833810E-002   7.1718904672412237E-002   3.5524027334550796E-002  -6.6577572067493748E-003   3.6782469826225688E-003  -2.4804033980667436E-003   1.8069763262483567E-003  -1.3575825458990963E-003   1.0258032390192213E-003  -7.6524258277257690E-004   5.5309706661288286E-004  -3.7754027557507100E-004   2.3273015954113915E-004  -1.1695350955283472E-004   3.3171291169017246E-005
   8.7464718685233891E-003   2.0517763697873954E-002   3.0889827311294762E-002   4.2401391813887968E-002   4.9752133363134346E-002   6.1004667337399177E-002   6.2677530913793619E-002   7.7389962924603012E-002   3.7293246626467290E-002  -6.8192802518657570E-003   3.6804716281196225E-003  -2.4238720009580909E-003   1.7212520297602888E-003  -1.2557057198745972E-003   9.1515694203465436E-004  -6.5093660179154559E-004   4.3940888212459827E-004  -2.6882064771629587E-004   1.3443672245921738E-004  -3.8032394912941444E-005
   8.8582005227929288E-003   2.0118295309214048E-002   3.1706416751019290E-002   4.1017878739743108E-002   5.1919303740213398E-002   5.7676873986414294E-002   6.7978133263461332E-002   6.7626431116403291E-002   8.1245935753246110E-002   3.8188346790557985E-002  -6.8198200600799860E-003   3.5942047146559353E-003  -2.3073509468966164E-003   1.5912502220296809E-003  -1.1199937144235953E-003   7.7861840357532303E-004  -5.1756924823076055E-004   3.1339900156154762E-004  -1.5571861953539467E-004   4.3903725681802040E-005
   8.7630998543759657E-003   2.0456433517720411E-002   3.1022625168353468E-002   4.2155940035169120E-002   5.0186441506238938E-002   6.0217259694242083E-002   6.4253069003245747E-002   7.3355405605664489E-002   7.0992288521757402E-002   8.3196513626160082E-002   3.8188346793308646E-002  -6.6594425161945825E-003   3.4216235421343669E-003  -2.1338140380140402E-003   1.4203919932397589E-003  -9.5424383020786645E-004   6.2049204688631563E-004  -3.7039258109436315E-004   1.8241958873194442E-004  -5.1196943808448146E-005
   8.8450359759348913E-003   2.0166278176098718E-002   3.1604844817506958E-002   4.1198961905174421E-002   5.1615996511477427E-002   5.8182109037838242E-002   6.7100024945154366E-002   6.9326802628925113E-002   7.7010365237608860E-002   7.2696221936972033E-002   8.3195973818236985E-002   3.7293246628837602E-002  -6.3419082660831003E-003   3.1667883118037441E-003  -1.9074013578881108E-003   1.2129265470105482E-003  -7.6302102742058296E-004   4.4619685848544749E-004  -2.1704880001261200E-004   6.0531709295536226E-005
   8.7738322906887097E-003   2.0417668408621904E-002   3.1103294009979566E-002   4.2015911063346928E-002   5.0411962842852390E-002   5.9862508562866422E-002   6.4818515986008657E-002   7.2405637204886880E-002   7.2779516910011902E-002   7.8857096963747375E-002   7.2698446582051768E-002   8.1244250445320243E-002   3.5524027342221202E-002  -5.8745854471461178E-003   2.8355556749255217E-003  -1.6333668320987879E-003   9.7399629250028558E-004  -5.5207366862088016E-004   2.6374208539666611E-004  -7.2892332848332249E-005
   8.8360355504461200E-003   2.0198555604957355E-002   3.1538568978213714E-002   4.1311663121084537E-002   5.1439770607336344E-002   5.8448031401988246E-002   6.6700535738822314E-002   6.9941181271562250E-002   7.6008919457765931E-002   7.4530908961643452E-002   7.8851829808508689E-002   7.0999249297205053E-002   7.7386913849808767E-002   3.2922159625216878E-002  -5.2682573798380119E-003   2.4354247188215603E-003  -1.3180254652502984E-003   7.0994034001591370E-004  -3.2984515381824622E-004   8.9940670621632983E-005
   8.7816041098424478E-003   2.0389958217308032E-002   3.1159581884550078E-002   4.1921752584578247E-002   5.0555821985947054E-002   5.9652219033047134E-002   6.5120962432252183E-002   7.1968046403989169E-002   7.3431476233602008E-002   7.7824161824813623E-002   7.4540993686977391E-002   7.6993819127373464E-002   6.7639086220317335E-002   7.1714046276187576E-002   2.9548633004469173E-002  -4.5368195921053440E-003   1.9753290554853941E-003  -9.6887033553402801E-004   4.2973901674843901E-004  -1.1470077443283737E-004
   8.8291032720585177E-003   2.0223154192309700E-002   3.1489043327057695E-002   4.1393404968758811E-002   5.1317200922149336E-002   5.8622728277844531E-002   6.6457621804901015E-002   7.0277007382168633E-002   7.5539127816588655E-002   7.5209849076939381E-002   7.7806731884616162E-002   7.2811395985521624E-002   7.3325056514520454E-002   6.2697871777498193E-002   6.4358000192456258E-002   2.5482529968725236E-002  -3.6968443581485121E-003   1.4654514396332016E-003  -5.9572405741603975E-004   1.5324287621960075E-004
   8.7880308548723279E-003   2.0367244489532397E-002   3.1204976179372776E-002   4.1847658276843031E-002   5.0665223545749379E-002   5.9499469262266728E-002   6.5327684123496155E-002   7.1692256188576817E-002   7.3799383486779238E-002   7.7326063752955879E-002   7.5238533497574117E-002   7.5953286932667757E-002   6.9386113028891375E-002   6.7928562384372740E-002   5.6293684948256408E-002   5.5489970243208814E-002   2.0819185409043303E-002  -2.7669593246663362E-003   9.1766694288242820E-004  -2.1954827541524488E-004
   8.8228443667331194E-003   2.0245201855904546E-002   3.1445247716533106E-002   4.1464238144341706E-002   5.1213931002010465E-002   5.8764509770864420E-002   6.6269913262764268E-002   7.0520386406507818E-002   7.5226344333047548E-002   7.5612832157682122E-002   7.7279467973699847E-002   7.3524448516842714E-002   7.2299769299008720E-002   6.4352568447132691E-002   6.0924478892395842E-002   4.8581642662910630E-002   4.5315023506002167E-002   1.5668012098160364E-002  -1.7670537468554557E-003   3.5340749756391300E-004
   8.7945615457823232E-003   2.0344299532677607E-002   3.1250334666421714E-002   4.1774828233306562E-002   5.0770343310734177E-002   5.9357061563136991E-002   6.5512970833953257E-002   7.1457366320956006E-002   7.4092561680416003E-002   7.6962548465600480E-002   7.5690382511405585E-002   7.5383948348268490E-002   7.0125015140278260E-002   6.6914154929056377E-002   5.7846255800798538E-002   5.2460628536439041E-002   3.9756163357199961E-002   3.4063634464562821E-002   1.0150357463526039E-002  -7.2145302695839856E-004
   8.8151925373108134E-003   2.0272035195169281E-002   3.1392386940893649E-002   4.1548670185847854E-002   5.1092948122062581E-002   5.8926828961254535E-002   6.6061372635648333E-002   7.0780454481795652E-002   7.4908589503484502E-002   7.5995948696892301E-002   7.6820687174594934E-002   7.4073850325804505E-002   7.1636093306479992E-002   6.5171890491938056E-002   5.9866937770137997E-002   5.0078261995346304E-002   4.2676366568145364E-002   3.0078571978495096E-002   2.1963710966924684E-002   4.4035017934989616E-003
