          17
   1.2074151433552867E-002   2.7729764687367164E-002   4.2518074158547033E-002   5.5941923596551528E-002   6.7568184234257922E-002   7.7022880538404587E-002   8.4002051078225656E-002   8.8281352683496406E-002   8.9723235178103267E-002   8.8281352683496406E-002   8.4002051078225656E-002   7.7022880538404587E-002   6.7568184234257922E-002   5.5941923596551528E-002   4.2518074158547033E-002   2.7729764687367164E-002   1.2074151433552867E-002
   4.7122623427915955E-003   2.4662239115615825E-002   5.9880423136506988E-002  0.10924299805159893       0.17116442039165480       0.24365473145676159       0.32438411827306191       0.41075790925207611       0.50000000000000000       0.58924209074792389       0.67561588172693809       0.75634526854323836       0.82883557960834520       0.89075700194840102       0.94011957686349301       0.97533776088438418       0.99528773765720846     
   6.0370757171307621E-003  -2.2715528410830548E-003   1.7060735679728324E-003  -1.3942881462738769E-003   1.1750593129805577E-003  -1.0019115913349045E-003   8.5577571625586964E-004  -7.2739537633232613E-004   6.1186890835258467E-004  -5.0651716997386794E-004   4.0992155644514153E-004  -3.2144970208933851E-004   2.4101615794789233E-004  -1.6897996636647855E-004   1.0615725307127256E-004  -5.4013148677612593E-005   1.5422094761002270E-005
   1.3063235665721680E-002   1.3864882343494344E-002  -3.7008500080324674E-003   2.5284363471346290E-003  -1.9819329116027573E-003   1.6287618470338385E-003  -1.3618686466832541E-003   1.1421620606307523E-003  -9.5222261900102998E-004   7.8339750652876112E-004  -6.3119819977143867E-004   4.9337882629686529E-004  -3.6905592649984681E-004   2.5830995226833913E-004  -1.6208238414404283E-004   8.2403779011941248E-005  -2.3518516797378476E-005
   1.1589665929524439E-002   3.0143413515079518E-002   2.1259037079243027E-002  -4.9393927146596647E-003   3.1590393348513799E-003  -2.3796029619132836E-003   1.8997236997046962E-003  -1.5497394982230794E-003   1.2691268548345913E-003  -1.0315035844189690E-003   8.2402402640991800E-004  -6.4015329504032580E-004   4.7671500243377189E-004  -3.3259242829933533E-004   2.0822410407972991E-004  -1.0570813615437407E-004   3.0146208989656685E-005
   1.2375085780722500E-002   2.6476448025323260E-002   4.6272207950143487E-002   2.7970961798321335E-002  -5.9984464138294839E-003   3.6523294175091598E-003  -2.6556360637053074E-003   2.0591987062115492E-003  -1.6350027640727419E-003   1.3022566546654010E-003  -1.0259812958455458E-003   7.8927670788969857E-004  -5.8365892976191083E-004   4.0517218780482332E-004  -2.5278339788912304E-004   1.2804125657864710E-004  -3.6471568585961432E-005
   1.1864173258032738E-002   2.8543143555925316E-002   4.0530211524183984E-002   6.0908234809385502E-002   3.3784092116995297E-002  -6.8553853089821102E-003   4.0112727358464339E-003  -2.8237487098087158E-003   2.1261078492064945E-003  -1.6390384981815060E-003   1.2638763021558959E-003  -9.5806233458332511E-004   7.0118579356225237E-004  -4.8323043788356542E-004   2.9997851881805341E-004  -1.5145936085117070E-004   4.3068577646553476E-005
   1.2231211676367697E-002   2.7143378116853537E-002   4.3831659608616264E-002   5.3289226998137255E-002   7.3582058738986197E-002   3.8511440269140329E-002  -7.4866248060697169E-003   4.2312494902842432E-003  -2.8873263544116072E-003   2.1081398106597166E-003  -1.5720499838768468E-003   1.1657136830373106E-003  -8.4045847000990197E-004   5.7325377837335917E-004  -3.5337662110006084E-004   1.7762616328200132E-004  -5.0390641773915536E-005
   1.1951145323362474E-002   2.8179328675441064E-002   4.1556519147455138E-002   5.7710468386732439E-002   6.4341662836730151E-002   8.3887491588662058E-002   4.2001025538870772E-002  -7.8735894652831231E-003   4.3082856984409373E-003  -2.8484120089570662E-003   2.0106359162187985E-003  -1.4414388285744742E-003   1.0166159723061891E-003  -6.8326149808603639E-004   4.1708403798490658E-004  -2.0836369261658345E-004   5.8920644020530175E-005
   1.2173636564851518E-002   2.7371003927303423E-002   4.3264459854870124E-002   5.4637055318449056E-002   6.9729405910710127E-002   7.3331239958622924E-002   9.1493980509774878E-002   4.4140676341627244E-002  -8.0046656744721511E-003   4.2414297914323169E-003  -2.7103396561427764E-003   1.8392899050534935E-003  -1.2544761928695155E-003   8.2521098810872120E-004  -4.9679286242513101E-004   2.4607040844420742E-004  -6.9275841710272950E-005
   1.1991811582428867E-002   2.8024057565853525E-002   4.1916659935740432E-002   5.6961338462214246E-002   6.5967068909055057E-002   7.9501504859484262E-002   7.9968482353306253E-002   9.6157380694708805E-002   4.4861617588748001E-002  -7.8760280111156867E-003   4.0335687247808295E-003  -2.4786243209292996E-003   1.6011153250441933E-003  -1.0194148653251422E-003   6.0141422255422579E-004  -2.9429287855535534E-004   8.2339851461562388E-005
   1.2143427275528106E-002   2.7483694278910158E-002   4.3014867020702091E-002   5.5116712608758688E-002   6.8822660426980778E-002   7.5183590633493474E-002   8.6712390734231717E-002   8.4039922892200442E-002   9.7727900852385710E-002   4.4140676341539599E-002  -7.4919294317210353E-003   3.6916405799349481E-003  -2.1612216766079273E-003   1.3048682784346755E-003  -7.4638569652994593E-004   3.5876075992666322E-004  -9.9485130886741373E-005
   1.2015230789730975E-002   2.7938128380008441E-002   4.2100990120304757E-002   5.6625185094907833E-002   6.6551568261830951E-002   7.8464319367099994E-002   8.1991415161889791E-002   9.1129764692568560E-002   8.5414949479547697E-002   9.6154942148818798E-002   4.2001025538791335E-002  -6.8646110501664782E-003   3.2265213974128275E-003  -1.7685447898886169E-003   9.6155501095303666E-004  -4.4956398828241407E-004   1.2300611067379169E-004
   1.2124542075468661E-002   2.7552138524125965E-002   4.2871450779430435E-002   5.5368669818383724E-002   6.8408642704186715E-002   7.5857166855449715E-002   8.5574101062025634E-002   8.6173212872907870E-002   9.2610561532449634E-002   8.4050103193267292E-002   9.1488675884135298E-002   3.8511440268920977E-002  -6.0138745048461525E-003   2.6526965986793877E-003  -1.3135854501520842E-003   5.8638657025011790E-004  -1.5706024226966688E-004
   1.2031082856000509E-002   2.7881224048263160E-002   4.2218095639559181E-002   5.6425154034586672E-002   6.6866998440633735E-002   7.7980942873057582E-002   8.2738174775999082E-002   8.9920391181750839E-002   8.7597127328818830E-002   9.1105101393394186E-002   7.9990778342255708E-002   8.3878265847384822E-002   3.3784092116792258E-002  -4.9663112126537793E-003   1.9878626343503760E-003  -8.1337886887148183E-004   2.0997817611985643E-004
   1.2110623002197153E-002   2.7601723430821359E-002   4.2770857556327715E-002   5.5536751408832616E-002   6.8151843163997666E-002   7.6233603830538829E-002   8.5028032374052834E-002   8.6979096028842684E-002   9.1358237942172182E-002   8.6222153977278448E-002   8.6657687141955764E-002   7.3370551120792230E-002   7.3566630648061682E-002   2.7970961797987765E-002  -3.7541337916198333E-003   1.2533166617228037E-003  -3.0093434653209907E-004
   1.2044005224593285E-002   2.7835472823545183E-002   4.2309850054400418E-002   5.6274516024905366E-002   6.7091469231801648E-002   7.7663033833473866E-002   8.3178027051784648E-002   8.9312856267948895E-002   8.8454108323231681E-002   8.9831092181761579E-002   8.2102327378471007E-002   7.9402483500381094E-002   6.4409144899197857E-002   6.0881316311485897E-002   2.1259037078847208E-002  -2.4136488280668434E-003   4.8448550470517364E-004
   1.2097669950362060E-002   2.7647360908366642E-002   4.2680156542661316E-002   5.5683613644307899E-002   6.7937240160745205E-002   7.6529501712124526E-002   8.4633249277978079E-002   8.7497955176989134E-002   9.0675457797079653E-002   8.7139190622894172E-002   8.5363919724874976E-002   7.5394118691413770E-002   6.9550117145776955E-002   5.3413487249444072E-002   4.6218924166788293E-002   1.3864882342961094E-002  -9.8908423144726293E-004
   1.2058729338796585E-002   2.7783777836038335E-002   4.2411916905487165E-002   5.6110903562895394E-002   6.7327168076346686E-002   7.7344330240444986E-002   8.3592129521843458E-002   8.8787869853391932E-002   8.9111366269845962E-002   8.9008748059714787E-002   8.3146275362104699E-002   7.8024792129580162E-002   6.6393124921464070E-002   5.7336211742578254E-002   4.0812000590929327E-002   3.0001317527963280E-002   6.0370757166981360E-003
