   1.08080067632415330795E-0002   2.48572744474839085907E-0002   3.82128651274441203346E-0002   5.04710220531442140913E-0002   6.12776033557393468724E-0002   7.03214573353253301479E-0002   7.73423375631326241660E-0002   8.21382418729163614671E-0002   8.45711914815717959976E-0002   8.45711914815717959976E-0002   8.21382418729163614671E-0002   7.73423375631326241660E-0002   7.03214573353253301479E-0002   6.12776033557393468724E-0002   5.04710220531442140913E-0002   3.82128651274441203346E-0002   2.48572744474839085907E-0002   1.08080067632415330795E-0002
   4.21741578953450384931E-0003   2.20880252143010437707E-0002   5.36987667512221358108E-0002   9.81475205137385134585E-0002  0.154156478469823399365        0.220114584463026232547        0.294124419268578676969        0.374056887154247245204        0.457612493479132349523        0.542387506520867650477        0.625943112845752754796        0.705875580731421323004        0.779885415536973767453        0.845843521530176600635        0.901852479486261486541        0.946301233248777864189        0.977911974785698956229        0.995782584210465496178      
   5.40400338162078432615E-0003  -2.03625207490110601145E-0003   1.53335864193719801143E-0003  -1.25803942238513986009E-0003   1.06590796434583009881E-0003  -9.15217916324016303936E-0004   7.88758001793873242582E-0004  -6.78100334465720831888E-0004   5.78711520243076338777E-0004  -4.88040954469879393852E-0004   4.04655386263485351255E-0004  -3.27807357537286949361E-0004   2.57208481306398900149E-0004  -1.92913410509310518095E-0004   1.35277947197630742700E-0004  -8.49917512683713444663E-0005   4.32454563934582378004E-0005  -1.23477697064066432449E-0005
   1.16933743945034662182E-0002   1.24286372237424046907E-0002  -3.32615120461128723149E-0003   2.28129780758101345821E-0003  -1.79774716111124514667E-0003   1.48772116266618337058E-0003  -1.25508841393694759130E-0003   1.06460836430546111468E-0003  -9.00452831901555846006E-0004   7.54638641176967374158E-0004  -6.22897252192964911285E-0004   5.02942134564119011054E-0004  -3.93660793543302930979E-0004   2.94720250470125862031E-0004  -2.06393213621089450332E-0004   1.29549160119241374475E-0004  -6.58762894037779122153E-0005   1.88032354941985079288E-0005
   1.03743164205451178585E-0002   2.70209188921271224150E-0002   1.91064325637222767198E-0002  -4.45643912665496710202E-0003   2.86525828217872555341E-0003  -2.17329001913605449944E-0003   1.75046742422336936519E-0003  -1.44415930043599003263E-0003   1.19973471399945978997E-0003  -9.93210825928706350462E-0004   8.12740456227235942690E-0004  -6.52108725664923593581E-0004   5.08056497414252008965E-0004  -3.79065130168574549917E-0004   2.64797419384014266824E-0004  -1.65915060483828010247E-0004   8.42710698814457713779E-0005  -2.40388000079219272214E-0005
   1.10774068671515059034E-0002   2.37337218941054200426E-0002   4.15869459438826011360E-0002   2.52355110265717877803E-0002  -5.44021279781508335568E-0003   3.33520400811304979075E-0003  -2.44644212712372882151E-0003   1.91828331096260366745E-0003  -1.54490813847146916313E-0003   1.25315903583185914032E-0003  -1.01114236960680145089E-0003   8.03216466421512178693E-0004  -6.21251129930935984979E-0004   4.61063106988047777943E-0004  -3.20838222415857955511E-0004   2.00484707093156546587E-0004  -1.01649868506244331336E-0004   2.89688004869403348896E-0005
   1.06200042981194509149E-0002   2.55865310130772201532E-0002   3.64260829705681797821E-0002   5.49518288252087009164E-0002   3.06388016778694202005E-0002  -6.25934519663802570604E-0003   3.69440328876662313572E-0003  -2.62951693222736334159E-0003   2.00785193005513460703E-0003  -1.57605986366192432099E-0003   1.24435773955086938722E-0003  -9.73727122743232841339E-0004   7.45122163996327534859E-0004  -5.48750624189259879515E-0004   3.79752551769875089073E-0004  -2.36385953438109628897E-0004   1.19553340045586748309E-0004  -3.40256363063093237603E-0005
   1.09486705350727668698E-0002   2.43313938038944141659E-0002   3.93938366478166436855E-0002   4.80772839051622255768E-0002   6.67319509583103711840E-0002   3.51607286676624458991E-0002  -6.89379882701697008443E-0003   3.93869102704797200577E-0003  -2.72509267319705150022E-0003   2.02538574253910679695E-0003  -1.54594476558223134565E-0003   1.18292147518096078676E-0003  -8.91311749082514031786E-0004   6.49294001391526725204E-0004  -4.45883527836573915183E-0004   2.76079238805247801154E-0004  -1.39151473179222593131E-0004   3.95314760367776178603E-0005
   1.06977837975727271171E-0002   2.52606508923151877006E-0002   3.73480040733394303082E-0002   5.20674883410806112474E-0002   5.83505625331058903007E-0002   7.65894600278567518317E-0002   3.86711687815661023847E-0002  -7.32685585381973420742E-0003   4.06381397483164992561E-0003  -2.73408050320448651607E-0003   1.97463468351741253818E-0003  -1.46007188489159608063E-0003   1.07553979707529427898E-0003  -7.71474800014695225306E-0004   5.24152194871503546139E-0004  -3.22190194496295461797E-0004   1.61642007003725142740E-0004  -4.58085991312520451360E-0005
   1.08972333260937548598E-0002   2.45350948915650398300E-0002   3.88847259234855604582E-0002   4.92923053301635208188E-0002   6.32393022175134748055E-0002   6.69494044802846002010E-0002   8.42413914727513256966E-0002   4.10691209364577286721E-0002  -7.54681055349224132357E-0003   4.06756395771780091860E-0003  -2.65811179836285120386E-0003   1.85933931350465059287E-0003  -1.32353805483028031431E-0003   9.28328367617320543042E-0004  -6.21310946906427876918E-0004   3.78108183584929712421E-0004  -1.88505714236009039757E-0004   5.32458213347753682316E-0005
   1.07340487414235329202E-0002   2.51219367134105783437E-0002   3.76707739021516782830E-0002   5.13930037748253607484E-0002   5.98227775218880130757E-0002   7.25873883786970529192E-0002   7.36258843983018682075E-0002   8.94679452831717069241E-0002   4.22855957407854659307E-0002  -7.54771419307934106238E-0003   3.95054800978404551784E-0003  -2.50038072657043205795E-0003   1.68412049761150809938E-0003  -1.14196299589112663628E-0003   7.47869531285344244201E-0004  -4.48774939426055608707E-0004   2.21804369594349761103E-0004  -6.23705288319004703547E-0005
   1.08703772920732907118E-0002   2.46354700778898446924E-0002   3.86616400668711887139E-0002   4.97231525218582048032E-0002   6.24195663516303441189E-0002   6.86373368377138096065E-0002   7.98427182897030559127E-0002   7.81876938631323220420E-0002   9.21189056746513045400E-0002   4.22855957407852495713E-0002  -7.32970341025520295938E-0003   3.71645316483077586423E-0003  -2.26593104337177946105E-0003   1.45482583385126742644E-0003  -9.21981721681937933163E-0004   5.42091225293463861301E-0004  -2.64662265926199984290E-0004   7.39580218178188723416E-0005
   1.07547609419066530039E-0002   2.50457801617200646274E-0002   3.78347569438601099389E-0002   5.10923330000501405926E-0002   6.03492749881218428791E-0002   7.16449953901556292745E-0002   7.54829982496279599743E-0002   8.47963536712792178375E-0002   8.05036275238540037475E-0002   9.21180020350642748110E-0002   4.10691209364574276772E-0002  -6.89905390961842247051E-0003   3.37205285504056378810E-0003  -1.96169886177411952272E-0003   1.17871672297982852066E-0003  -6.71860796040489657290E-0004   3.22179555919542855244E-0004  -8.92265628524311353467E-0005
   1.08538153623727095342E-0002   2.46956324404802517589E-0002   3.85350553219411605395E-0002   4.99468698582724096356E-0002   6.20490781557537803970E-0002   6.92459175382501394293E-0002   7.88024094480241106412E-0002   8.01636071893990721966E-0002   8.73052719847761296676E-0002   8.05073775067403707165E-0002   8.94650977267361600728E-0002   3.86711687815654321208E-0002  -6.26800269253129053676E-0003   2.92704082263331649157E-0003  -1.59646628793715674392E-0003   8.64861054105450980389E-0004  -4.03376444830386740103E-0004   1.10222965668582423724E-0004
   1.07684752872047079966E-0002   2.49964259206631389738E-0002   3.79367858886394625602E-0002   5.09169055809805858937E-0002   6.06283093543476237733E-0002   7.12127690844078639002E-0002   7.61594160879516737586E-0002   8.36841866384985502944E-0002   8.25458057390327681308E-0002   8.72962841547687131715E-0002   7.81995508458686802779E-0002   8.42361363901496387150E-0002   3.51607286676616793343E-0002  -5.45434760257090135377E-0003   2.39373814798116082677E-0003  -1.18097152037184287083E-0003   5.25880643590497119337E-0004  -1.40663771831426682600E-0004
   1.08420323995478083823E-0002   2.47377211074383252835E-0002   3.84492510808826133243E-0002   5.00912695013742850088E-0002   6.18263539799283716628E-0002   6.95763351713291132807E-0002   7.83160646858757417325E-0002   8.08938841333656187877E-0002   8.61472513452335707330E-0002   8.25633395515168494160E-0002   8.47677588051434659339E-0002   7.36479342743665540754E-0002   7.65808025319631339263E-0002   3.06388016778686451670E-0002  -4.48080677206489578019E-0003   1.78678215687635929393E-0003  -7.29256565592177019580E-0004   1.88002465121922918610E-0004
   1.07790379627545771801E-0002   2.49589243159901319106E-0002   3.80123804203512357409E-0002   5.07918602755600101383E-0002   6.08165402487512091153E-0002   7.09427084652562354623E-0002   7.65391210967111731482E-0002   8.31493842425230688658E-0002   8.33180324457400657887E-0002   8.61160996200430942020E-0002   8.02199585619539868727E-0002   7.97887796902560361963E-0002   6.69862533272131341276E-0002   6.67178161535535871411E-0002   2.52355110265708886853E-0002  -3.37408081643779425109E-0003   1.12355255337949953968E-0003  -2.69400103910033698453E-0004
   1.08320455632494439735E-0002   2.47730033776024596474E-0002   3.83787801879280731042E-0002   5.02062246337602105676E-0002   6.16566684859078176929E-0002   6.98134008379111266506E-0002   7.79944462887974969195E-0002   8.13255014166891799986E-0002   8.55644023075004412566E-0002   8.33714567675724059874E-0002   8.35824011733522709630E-0002   7.55918701389093498490E-0002   7.24947473544613272937E-0002   5.84123450735613018198E-0002   5.49274611797974266031E-0002   1.91064325637217717170E-0002  -2.16364444464206857751E-0003   4.33690342696380315125E-0004
   1.07892035277473305522E-0002   2.49231507368876832672E-0002   3.80833159673249319228E-0002   5.06774152667653069055E-0002   6.09828831052691828127E-0002   7.07151181288686449421E-0002   7.68393954285684942498E-0002   8.27611391251093368691E-0002   8.38165528403948171496E-0002   8.54716443134733657615E-0002   8.10736335086108815979E-0002   7.85974259770696008498E-0002   6.88337361726591028766E-0002   6.30753505168508723887E-0002   4.81897242455628714164E-0002   4.15390163320546170693E-0002   1.24286372237422980425E-0002  -8.85367631261879062876E-0004
   1.08203545329479393620E-0002   2.48140289910904483180E-0002   3.82978568787125043479E-0002   5.03357441059465800682E-0002   6.14705167662486560362E-0002   7.00642488540189253132E-0002   7.76701449206699194759E-0002   8.17335864866528651873E-0002   8.50592324360416888253E-0002   8.39924799613287037232E-0002   8.28163422073821006049E-0002   7.65535795613387308044E-0002   7.12366752516493675706E-0002   6.02116953913935262287E-0002   5.17290614755293762681E-0002   3.66795064855066954611E-0002   2.68935265223851385138E-0002   5.40400338162080596573E-0003
