           8
   5.0614268145184313E-002  0.11119051722668483       0.15685332293894436       0.18134189168918122       0.18134189168918122       0.15685332293894436       0.11119051722668483        5.0614268145184313E-002
   1.9855071751231801E-002  0.10166676129318636       0.23723379504183573       0.40828267875217528       0.59171732124782472       0.76276620495816427       0.89833323870681370       0.98014492824876820     
   2.5307134072593669E-002  -9.1059433059698710E-003   6.2808311470303165E-003  -4.4830156130546590E-003   3.0784913683267186E-003  -1.9176752546369059E-003   9.7275766405923803E-004  -2.7750832711691340E-004
   5.4759321767553347E-002   5.5595258613343350E-002  -1.3639796235781900E-002   8.1497088583607786E-003  -5.2153520891473158E-003   3.1397529854637588E-003  -1.5649349109489847E-003   4.4280230434225225E-004
   4.8587535998910920E-002  0.12085952499717399        7.8426661469470624E-002  -1.5975103361878355E-002   8.3717327202261025E-003  -4.6434658621044168E-003   2.2257147752848608E-003  -6.1880569525050782E-004
   5.1865520970578456E-002  0.10619349014834900       0.17067113427455399        9.0670945844588055E-002  -1.6021041321024759E-002   7.2412065612221174E-003  -3.1978143103606948E-003   8.5923658426483756E-004
   4.9755031560920052E-002  0.11438833153704744       0.14961211637772279       0.19736293301020524        9.0670945844586986E-002  -1.3817811335609522E-002   4.9970270783386500E-003  -1.2512528253930686E-003
   5.1233073840435024E-002  0.10896480245140111       0.16149678880104887       0.17297015896895548       0.19731699505105804        7.8426661469467862E-002  -9.6690077704854310E-003   2.0267321462751516E-003
   5.0171465840842207E-002  0.11275545213763406       0.15371356995348112       0.18655724377832794       0.17319218283082144       0.17049311917472290        5.5595258613340560E-002  -4.1450536223660251E-003
   5.0891776472301239E-002  0.11021775956262572       0.15877099819358112       0.17826340032085475       0.18582490730223544       0.15057249179191451       0.12029646053265300        2.5307134072591997E-002
