          14
   1.77574567E-02   3.99620794E-02   6.07526712E-02   7.85836354E-02   9.27715078E-02  0.102599137      0.107631959      0.107631959      0.102599137       9.27715078E-02   7.85836354E-02   6.07526712E-02   3.99620794E-02   1.77574567E-02
   6.86508417E-03   3.57704759E-02   8.64064097E-02  0.156351507      0.242376089      0.340443730      0.445972562      0.554027438      0.659556270      0.757623911      0.843648493      0.913593590      0.964229524      0.993134916    
   8.79272074E-03  -3.29006300E-03   2.44159391E-03  -1.96164567E-03   1.61398493E-03  -1.33285869E-03   1.09154987E-03  -8.77838291E-04   6.85894513E-04  -5.13243198E-04   3.59489524E-04  -2.25707830E-04   1.14822331E-04  -3.28127571E-05
   1.90093201E-02   2.00067833E-02  -5.26612625E-03   3.53603647E-03  -2.70578498E-03   2.15375959E-03  -1.72686437E-03   1.37054746E-03  -1.06162508E-03   7.89746351E-04  -5.50943194E-04   3.44979431E-04  -1.75198438E-04   5.00215065E-05
   1.68697946E-02   4.35365476E-02   3.04306038E-02  -6.96941558E-03   4.35720058E-03  -3.18182772E-03   2.43753055E-03  -1.88297103E-03   1.43366295E-03  -1.05440360E-03   7.29932042E-04  -4.54715540E-04   2.30183985E-04  -6.56097982E-05
   1.80254895E-02   3.82261202E-02   6.61697984E-02   3.92640233E-02  -8.19805078E-03   4.83176578E-03  -3.36916302E-03   2.47366703E-03  -1.82663556E-03   1.31735019E-03  -9.00260929E-04   5.56088577E-04  -2.80019100E-04   7.95958331E-05
   1.73014477E-02   4.11894433E-02   5.79817668E-02   8.55210572E-02   4.64429781E-02  -9.15901549E-03   5.15526254E-03  -3.44441994E-03   2.41693365E-03  -1.69047888E-03   1.13308849E-03  -6.91295718E-04   3.45476932E-04  -9.78204189E-05
   1.78572796E-02   3.91481072E-02   6.27016276E-02   7.48196840E-02  0.101065107       5.12820818E-02  -9.54973418E-03   5.11491625E-03  -3.25160567E-03   2.15515262E-03  -1.39885093E-03   8.36677791E-04  -4.13196656E-04   1.16291070E-04
   1.74766108E-02   4.06171121E-02   5.94685338E-02   8.10091197E-02   8.84062126E-02  0.111681275       5.38825504E-02  -9.61094163E-03   4.92061069E-03  -2.96513946E-03   1.82924548E-03  -1.06250495E-03   5.15959633E-04  -1.44003367E-04
   1.78219359E-02   3.94429602E-02   6.18891865E-02   7.67157972E-02   9.57718939E-02   9.76594612E-02  0.117236510       5.38309291E-02  -9.10890568E-03   4.40143561E-03  -2.46318569E-03   1.35928812E-03  -6.41867402E-04   1.76736896E-04
   1.75843425E-02   4.03612964E-02   5.99842779E-02   7.99438432E-02   9.06527266E-02  0.105826974      0.102529809      0.117163382       5.13761863E-02  -8.25998094E-03   3.72919557E-03  -1.87764328E-03   8.47509480E-04  -2.28583463E-04
   1.78173725E-02   3.95997018E-02   6.14984445E-02   7.74203837E-02   9.44883153E-02  0.100168996      0.111076288      0.102491200      0.111702546       4.64454368E-02  -6.96015591E-03   2.82992213E-03  -1.17007177E-03   3.04080808E-04
   1.76552236E-02   4.02261801E-02   6.02369495E-02   7.94597864E-02   9.14759785E-02  0.104412675      0.105163351      0.111003280       9.77579728E-02  0.100943334       3.94019112E-02  -5.36197983E-03   1.81010610E-03  -4.37753100E-04
   1.78109892E-02   3.97222862E-02   6.12291098E-02   7.78430924E-02   9.38331261E-02  0.101165898      0.109507062      0.105209924      0.105757616       8.84390548E-02   8.54751095E-02   3.04863900E-02  -3.48310987E-03   7.03843602E-04
   1.77024584E-02   4.01334874E-02   6.04157224E-02   7.91322514E-02   9.19815600E-02  0.103665322      0.106252663      0.109371528      0.100429326       9.54936370E-02   7.50245079E-02   6.59859031E-02   2.02031974E-02  -1.44936924E-03
   1.77903157E-02   3.98430750E-02   6.09866790E-02   7.82130063E-02   9.33000147E-02  0.101893596      0.108534537      0.106509641      0.103970118       9.11095664E-02   8.06061253E-02   5.82198836E-02   4.33855467E-02   8.88891611E-03
