   1.53766209980588109659E-0002   3.51830237440537796816E-0002   5.35796102335860789029E-0002   6.97853389630771679564E-0002   8.31346029084969653908E-0002   9.30805000077811057934E-0002   9.92157426635557883966E-0002  0.101289120962780636443         9.92157426635557883966E-0002   9.30805000077811057934E-0002   8.31346029084969653908E-0002   6.97853389630771679564E-0002   5.35796102335860789029E-0002   3.51830237440537796816E-0002   1.53766209980588109659E-0002
   6.00374098975728763441E-0003   3.13633037996470429541E-0002   7.58967082947864007036E-0002  0.137791134319914977224        0.214513913695730576415        0.302924326461218315057        0.399402953001282738985        0.500000000000000000000        0.600597046998717260988        0.697075673538781684943        0.785486086304269423585        0.862208865680085022776        0.924103291705213599296        0.968636696200352957046        0.993996259010242712338      
   7.68831049902932052090E-0003  -2.88207652296439738607E-0003   2.14977135688850733778E-0003  -1.73884965380298202304E-0003   1.44470413915726230535E-0003  -1.20875124593688620785E-0003   1.00730755285335531598E-0003  -8.29198279957270557645E-0004   6.68820975529917592662E-0004  -5.23450351172725378495E-0004   3.92046730691602263014E-0004  -2.74715621754918307432E-0004   1.72538127706577132666E-0004  -8.77790602645869070260E-0005   2.50623437545121193528E-0005
   1.66362227509783427788E-0002   1.75915118720270206057E-0002  -4.66351386567139290561E-0003   3.15354205167059821694E-0003  -2.43709364541860952077E-0003   1.96545995211755393849E-0003  -1.60354180515170729420E-0003   1.30260473646139216829E-0003  -1.04148556214203426329E-0003   8.10228194455858696407E-0004  -6.04288995041521931858E-0004   4.22194068522063882501E-0004  -2.64629686030523602746E-0004   1.34457272941865405108E-0004  -3.83635400718622580686E-0005
   1.47596657935835605532E-0002   3.82453177464055741084E-0002   2.67898051167930059597E-0002  -6.16125782189827787636E-0003   3.88540778485749933981E-0003  -2.87258727158501635205E-0003   2.23809184708612737531E-0003  -1.76882660434388388658E-0003   1.38957805663067023956E-0003  -1.06833441025737020605E-0003   7.90333943391876029415E-0004  -5.49070190929409157878E-0004   3.42837152366745833782E-0004  -1.73768948419063375100E-0004   4.95161011043644451435E-0005
   1.57597621061541424068E-0002   3.35931318479854154876E-0002   5.83100851091268843828E-0002   3.48926694815385586248E-0002  -7.37940946173974925263E-0003   4.41096801812589555587E-0003  -3.13090802751341487549E-0003   2.35280924473859685475E-0003  -1.79283158915974980614E-0003   1.35144263633253747104E-0003  -9.86609667339776729872E-0004   6.79266000451237071446E-0004  -4.21563716075714855102E-0004   2.12853647458382111468E-0004  -6.05313101682630042790E-0005
   1.51094077411841397633E-0002   3.62144152536474943894E-0002   5.10754948901791235057E-0002   7.59798064004408538766E-0002   4.15673014542485077676E-0002  -8.28277336540882376580E-0003   4.73286955543413978773E-0003  -3.23039674394952429431E-0003   2.33558196615177573504E-0003  -1.70522856069432821308E-0003   1.21948195415414178784E-0003  -8.28185709088394939038E-0004   5.09364129493926488107E-0004  -2.55738444847296714737E-0004   7.25131747848478158929E-0005
   1.55763030989084397171E-0002   3.44401095551792505777E-0002   5.52331478312635011302E-0002   6.64782993761123099105E-0002   9.05323400785463044285E-0002   4.65402500038905227661E-0002  -8.83944340559600704675E-0003   4.84679298140694341476E-0003  -3.17822423571161423434E-0003   2.19973318684738838332E-0003  -1.52302038826283114435E-0003   1.01321847710032151735E-0003  -6.14961686883205186646E-0004   3.06254025292723621541E-0004  -8.64724368757235152476E-0005
   1.52205067962909914493E-0002   3.57516577923476130922E-0002   5.23709704994615965378E-0002   7.19875245446853994594E-0002   7.91688488804998174238E-0002  0.101373335296767799751         4.96078713317779326977E-0002  -9.02877559412107732282E-0003   4.75195482617317927459E-0003  -2.98169114149617611446E-0003   1.95702490455274633674E-0003  -1.26102326903393606602E-0003   7.50415696790060961485E-0004  -3.69322551827178117345E-0004   1.03654988413981848553E-0004
   1.55025009302957359025E-0002   3.47305608049306136599E-0002   5.45152787351062855436E-0002   6.81643199523594311469E-0002   8.57860006893488209360E-0002   8.86264983355842904451E-0002  0.108059700113265309363         5.06445604813902756261E-0002  -8.84395744970942890614E-0003   4.45400167219672935371E-0003  -2.65139778085176234788E-0003   1.62101901071761740198E-0003  -9.35668501520183718462E-0004   4.52462939123328492153E-0004  -1.25879932237047586273E-0004
   1.52729660096447314626E-0002   3.55523462958810733792E-0002   5.28291945367960694559E-0002   7.10463622321109771959E-0002   8.11775780039443147084E-0002   9.60621911492771976256E-0002   9.44637878373826865764E-0002  0.110317896556901652824         4.96078713317779200532E-0002  -8.29283528898675465463E-0003   3.96575402799722216283E-0003  -2.20218558160832857895E-0003   1.20863973412446752976E-0003  -5.68634048293625410076E-0004   1.56114201767675012470E-0004
   1.54630934349344618996E-0002   3.48767697187611306074E-0002   5.41945719204693485119E-0002   6.87721204859767296628E-0002   8.46576232967598801065E-0002   9.08807668209336471851E-0002  0.102393966899267464501         9.64423279813736370394E-0002  0.108055186069151866472         4.65402500038905136554E-0002  -7.39773717004926533270E-0003   3.30703958696477801099E-0003  -1.65353759767746848052E-0003   7.42914188874771334447E-0004  -1.99682100849788831875E-0004
   1.53041078232739139100E-0002   3.54387621889011175383E-0002   5.30702461040922182468E-0002   7.06135246721654627513E-0002   8.19151209543428957848E-0002   9.47857285684753713174E-0002   9.68801606974040707337E-0002  0.104519517706730104448         9.44828731081217061767E-0002  0.101363273373189899500         4.15673014542484770101E-0002  -6.19446743736371695468E-0003   2.50411534340687181827E-0003  -1.03139150959344492055E-0003   2.67213256874500272186E-0004
   1.54371523082270430451E-0002   3.49701700965954197964E-0002   5.40011739496618417183E-0002   6.91060729626258667238E-0002   8.41212125758367813862E-0002   9.17290573714485403151E-0002  0.101008574252715557355         9.89363117180420292450E-0002  0.102346650691069202940         8.86695319896552281349E-0002   9.05140123702367274124E-0002   3.48926694815385507779E-0002  -4.73047487554086747518E-0003   1.58989189606863128169E-0003  -3.83141108095503434696E-0004
   1.53271048969544312191E-0002   3.53567926924728485923E-0002   5.32367730812193711910E-0002   7.03344091540065272200E-0002   8.23442689651051292472E-0002   9.41488344180384364039E-0002   9.78261646069251602822E-0002  0.103057947567124473558         9.69776508164697155184E-0002   9.59530872793660529111E-0002   7.92491951236395773901E-0002   7.59465967849753419069E-0002   2.67898051167929832965E-0002  -3.06229400235148995324E-0003   6.16955204475068832314E-0004
   1.54149845381306663131E-0002   3.50485664711119185014E-0002   5.38442399196166138782E-0002   6.93631448945550917426E-0002   8.37388919035384909646E-0002   9.22702718133252483828E-0002  0.100257228225697816745         9.99865162263192552538E-0002  0.100819284468707478699         9.11150400556635768973E-0002   8.55716965539155361708E-0002   6.66317969114066788855E-0002   5.82431240992572008570E-0002   1.75915118720271178349E-0002  -1.25960175291970443409E-0003
   1.53515586543042965206E-0002   3.52708028043183709125E-0002   5.34070721058794969767E-0002   7.00600545848320951849E-0002   8.27425561778053476238E-0002   9.36039503589538531532E-0002   9.85469216880258417753E-0002  0.102118319242737943921         9.82084351107023870490E-0002   9.42892512537180489619E-0002   8.16898987693396314835E-0002   7.15241886168802494753E-0002   5.14298388766974333636E-0002   3.80651002670183152024E-0002   7.68831049902943118448E-0003
