          22
   7.3139976170150172E-003   1.6887450846307106E-002   2.6146667522588873E-002   3.4898234231772303E-002   4.2970803101966180E-002   5.0207072221704160E-002   5.6466148040329706E-002   6.1626188405254724E-002   6.5586752393528944E-002   6.8270749173007933E-002   6.9625936427816115E-002   6.9625936427816115E-002   6.8270749173007933E-002   6.5586752393528944E-002   6.1626188405254724E-002   5.6466148040329706E-002   5.0207072221704160E-002   4.2970803101966180E-002   3.4898234231772303E-002   2.6146667522588873E-002   1.6887450846307106E-002   7.3139976170150172E-003
   2.8527072588006019E-003   1.4969751082285876E-002   3.6521613906412731E-002   6.7093711139850187E-002  0.10609159701039583       0.15275636840665852       0.20617979824654392       0.26532208100662169       0.32903208955395769       0.39606978665588954       0.46513036334013913       0.53486963665986087       0.60393021334411046       0.67096791044604231       0.73467791899337831       0.79382020175345613       0.84724363159334148       0.89390840298960417       0.93290628886014981       0.96347838609358727       0.98503024891771407       0.99714729274119940     
   3.6569988244300705E-003  -1.3833915460833598E-003   1.0492334518580591E-003  -8.7003255716878016E-004   7.4783654634458653E-004  -6.5416015366867163E-004   5.7713069369381531E-004  -5.1082256945968326E-004   4.5194418338090516E-004  -3.9854031497113773E-004   3.4940223950545205E-004  -3.0377002167970808E-004   2.6117034530245614E-004  -2.2132321160031431E-004   1.8408651945851364E-004  -1.4942330771228353E-004   1.1738424603789167E-004  -8.8102652547902206E-005   6.1803629797561193E-005  -3.8836447892895209E-005   1.9762104706091340E-005  -5.6427430368075579E-006
   7.9131480261572257E-003   8.4437253961585496E-003  -2.2759276405667642E-003   1.5776031093576374E-003  -1.2611647524769318E-003   1.0631977850318463E-003  -9.1814008520658963E-004   8.0174364755683763E-004  -7.0292953045086415E-004   6.1593406222730106E-004  -5.3749984949625653E-004   4.6569135161373570E-004  -3.9933312184015763E-004   3.3771935210232998E-004  -2.8045434791871036E-004   2.2736230765542300E-004  -1.7843791663250898E-004   1.3382538469857333E-004  -9.3824181230739483E-005   5.8933121764073257E-005  -2.9980054309188027E-005   8.5590175309239702E-006
   7.0204959628414497E-003   1.8357413109111178E-002   1.3073333787155070E-002  -3.0815569623214400E-003   2.0097426419119569E-003  -1.5527495002198030E-003   1.2800520773406791E-003  -1.0870176157078356E-003   9.3591519405921038E-004  -8.0993070092126400E-004   7.0051907395240738E-004  -6.0295217202148996E-004   5.1447339053310801E-004  -4.3343816052812104E-004   3.5887819043964108E-004  -2.9026774141443725E-004   2.2739632567895639E-004  -1.7030538801811711E-004   1.1927390335997730E-004  -7.4861171591836281E-005   3.8063366608409115E-005  -1.0863705201524147E-005
   7.4963397122619051E-003   1.6124039821570596E-002   2.8455450450965650E-002   1.7449117105197181E-002  -3.8152665790311688E-003   2.3821922644868313E-003  -1.7881445959199286E-003   1.4428974097571627E-003  -1.2040490614109293E-003   1.0206371002478749E-003  -8.7012985365244547E-004   7.4116806961712581E-004  -6.2751600634718694E-004   5.2556661874140521E-004  -4.3318684026222336E-004   3.4913750860095873E-004  -2.7276761898795419E-004   2.0385539019120985E-004  -1.4254368304176426E-004   8.9363120314790226E-005  -4.5402046249265678E-005   1.2952850289871670E-005
   7.1867094805507341E-003   1.7383086344147841E-002   2.4923789040405198E-002   3.7996758257125056E-002   2.1485401551985986E-002  -4.4695759736195035E-003   2.6989394049040908E-003  -1.9763120936328988E-003   1.5630797164057203E-003  -1.2816486777412989E-003   1.0686593662229877E-003  -8.9618465137377356E-004   7.5018979823035287E-004  -6.2299718931112897E-004   5.1018552587954230E-004  -4.0915997414836232E-004   3.1843985830747886E-004  -2.3729226021840968E-004   1.6555876630785881E-004  -1.0362660329214111E-004   5.2593143127048383E-005  -1.4995823836260619E-005
   7.4092935005865054E-003   1.6529837821154431E-002   2.6955303156812088E-002   3.3242405663203807E-002   4.6796185880832980E-002   2.5103536108306054E-002  -5.0340985523909896E-003   2.9579332597435963E-003  -2.1188377515433728E-003   1.6441628622510917E-003  -1.3245275116695418E-003   1.0853570871298870E-003  -8.9383180661199875E-004   7.3348648066821280E-004  -5.9533624172518633E-004   4.7423141563944417E-004  -3.6718377435880335E-004   2.7254360496565942E-004  -1.8959695978885152E-004   1.1842268179587621E-004  -6.0018666762264609E-005   1.7100142704054769E-005
   7.2392425461296258E-003   1.7162040896977974E-002   2.5553939059031267E-002   3.6003375808070760E-002   4.0916907139933345E-002   5.4683158485025612E-002   2.8233074015712987E-002  -5.4988729700253831E-003   3.1559926240386994E-003  -2.2154065470316249E-003   1.6874275204990978E-003  -1.3349552247430467E-003   1.0736412526545719E-003  -8.6640552697393920E-004   6.9467429271870848E-004  -5.4834326764400588E-004   4.2166451489229518E-004  -3.1137120726641102E-004   2.1578030312641760E-004  -1.3440856875068791E-004   6.7997728085659355E-005  -1.9354635632789748E-005
   7.3746237390681273E-003   1.6667748637458488E-002   2.6607865791728982E-002   3.4081137245482986E-002   4.4348849032639415E-002   4.7797233603861150E-002   6.1504593271661738E-002   3.0813094199213908E-002  -5.8553704304941468E-003   3.2902205291805227E-003  -2.2654370238188817E-003   1.6935781288503666E-003  -1.3144495552790954E-003   1.0355801946170689E-003  -8.1636541893920786E-004   6.3650831738514490E-004  -4.8502252808096290E-004   3.5574294573745990E-004  -2.4530895398309013E-004   1.5226430509046674E-004  -7.6853025066092611E-005   2.1847990379572812E-005
   7.2635984621599124E-003   1.7068442951354276E-002   2.5773557720189043E-002   3.5538899969526645E-002   4.1946712289584374E-002   5.1829055873962644E-002   5.3749033067731343E-002   6.7127972656162438E-002   3.2793376188742819E-002  -6.0969366060222765E-003   3.3585388307200703E-003  -2.2686930081960341E-003   1.6633922936686888E-003  -1.2644331287453511E-003   9.7304497865293186E-004  -7.4592171324727936E-004   5.6148852192346860E-004  -4.0817220786468108E-004   2.7965017720808495E-004  -1.7279348453950595E-004   8.6956873516894938E-005  -2.4681164842536088E-005
   7.3566941562615814E-003   1.6735093361311907E-002   2.6456858814939668E-002   3.4376511036218034E-002   4.3777495187023258E-002   4.8997936476542360E-002   5.8298491690153935E-002   5.8656193901197862E-002   7.1443993981969434E-002   3.4135374583362493E-002  -6.2190321334126258E-003   3.3599264137508522E-003  -2.2255443638605791E-003   1.5979976789614360E-003  -1.1865186333983393E-003   8.8799942515214634E-004  -6.5733390466451113E-004   4.7218257540570748E-004  -3.2076988840228288E-004   1.9703555192226305E-004  -9.8779031093032118E-005   2.7979761727954382E-005
   7.2772939750103873E-003   1.7017818916150937E-002   2.5883601236134916E-002   3.5334364737115195E-002   4.2311262220658535E-002   5.1162185394231813E-002   5.5097656101205032E-002   6.3631335573623327E-002   6.2423051242411862E-002   7.4368735135410133E-002   3.4812968201400687E-002  -6.2193705564396054E-003   3.2945293773499712E-003  -2.1370801471280662E-003   1.4989926163531647E-003  -1.0826393594624193E-003   7.8264802350110877E-004  -5.5309524142559672E-004   3.7149169035770931E-004  -2.2642697215225697E-004   1.1295129612501197E-004  -3.1910137696883888E-005
   7.3459077771869810E-003   1.6774499507056874E-002   2.6373094529199587E-002   3.4526742537516024E-002   4.3523898336316758E-002   4.9424424209216930E-002   5.7548787390504036E-002   6.0127195796324605E-002   6.7723832534869521E-002   6.4976219800020885E-002   7.5845306979912555E-002   3.4812968211247609E-002  -6.0979859628864635E-003   3.1637011491450137E-003  -2.0051471647693454E-003   1.3684919338639761E-003  -9.5511316592193987E-004   6.5954087926515571E-004  -4.3613051482367567E-004   2.6306632769222351E-004  -1.3036811780548044E-004   3.6703666715287807E-005
   7.2860178750652144E-003   1.6986229840224555E-002   2.5949631997515661E-002   3.5219004122040314E-002   4.2498620514682658E-002   5.0864406141261122E-002   5.5578148602536362E-002   6.2812707049087979E-002   6.3988754706049700E-002   7.0496293543591354E-002   6.6266010009177562E-002   7.5844968562368179E-002   3.4135374571269687E-002  -5.8572415876743727E-003   2.9699945041984444E-003  -1.8323436514013568E-003   1.2091357478072257E-003  -8.0669208275975892E-004   5.2172318145935945E-004  -3.1019124574308411E-004   1.5235743357555124E-004  -4.2696512819643737E-005
   7.3386787986013001E-003   1.6800493942266070E-002   2.6319461026207337E-002   3.4618584061667818E-002   4.3378975293996300E-002   4.9645583717634036E-002   5.7212069738344376E-002   6.0653143439522536E-002   6.6851185511230454E-002   6.6607356888763111E-002   7.1894629428007548E-002   6.6267397603932271E-002   7.4367685770476089E-002   3.2793376192810489E-002  -5.5017842528063401E-003   2.7171149731246209E-003  -1.6219836520627059E-003   1.0240908174826819E-003  -6.4066575490188493E-004   3.7310985263266726E-004  -1.8099215849080120E-004   5.0399182498158007E-005
   7.2921496402385405E-003   1.6964303847501000E-002   2.5994403229714552E-002   3.5143543196355945E-002   4.2615060138586749E-002   5.0692094768309486E-002   5.5829639707414003E-002   6.2442553837247484E-002   6.4551172187850198E-002   6.9585198737605797E-002   6.7932358291249634E-002   7.1891373457823093E-002   6.4980528639135976E-002   7.1442122823478282E-002   3.0813094188083430E-002  -5.0384452283823399E-003   2.4098386156876784E-003  -1.3780459233149393E-003   8.1709696693427680E-004  -4.6119821648263587E-004   2.1970215438181314E-004  -6.0626093529726395E-005
   7.3333522631597878E-003   1.6819453100638624E-002   2.6281076097877526E-002   3.4682453941102191E-002   4.3282174291390689E-002   4.9785407724740376E-002   5.7014491292954425E-002   6.0931514125342118E-002   6.6453157909370592E-002   6.7197107930107386E-002   7.0960891643979535E-002   6.7938508914893045E-002   7.0486155713318274E-002   6.2430759775301721E-002   6.7125061365242378E-002   2.8233074013891676E-002  -4.4760862646003241E-003   2.0538959691223705E-003  -1.1051415959075221E-003   5.9272851696491418E-004  -2.7459010511942029E-004   7.4755099982738504E-005
   7.2968974820251647E-003   1.6947469500784441E-002   2.6028244843604390E-002   3.5087831203462282E-002   4.2698259481470817E-002   5.0574256010952480E-002   5.5991916612608009E-002   6.2221524656978534E-002   6.4853265904471574E-002   6.9164580986625410E-002   6.8540579334944507E-002   7.0950463944017939E-002   6.6626586307440422E-002   6.7705590147138103E-002   5.8668255144112676E-002   6.1500246586882142E-002   2.5103536099722837E-002  -3.8253827702705583E-003   1.6558285477382821E-003  -8.0863557988174900E-004   3.5761297069390063E-004  -9.5295853882272115E-005
   7.3289934460944164E-003   1.6834857695324282E-002   2.6250294126230037E-002   3.4732675475815919E-002   4.3208095349443885E-002   4.9888632375406118E-002   5.6875308004599362E-002   6.1116002887812035E-002   6.6209749575420834E-002   6.7520559381403611E-002   7.0522121073198260E-002   6.8557277067095676E-002   6.9552397845562428E-002   6.4023672682264832E-002   6.3602500493381633E-002   5.3767208640188302E-002   5.4676648182499725E-002   2.1485401549146271E-002  -3.0985240455888218E-003   1.2228785359038254E-003  -4.9563555161534240E-004   1.2728816656883986E-004
   7.3010447699874310E-003   1.6932852887911694E-002   2.6057304401751160E-002   3.5040777922237476E-002   4.2766947703058743E-002   5.0479839848643307E-002   5.6117010525370561E-002   6.2059375250800852E-002   6.5061185770292629E-002   6.8898265183190199E-002   6.8884768354956286E-002   7.0496066284147979E-002   6.7250112070657453E-002   6.6790801456366858E-002   6.0183290995121104E-002   5.8254292634394543E-002   4.7824879959405403E-002   4.6786069673423962E-002   1.7449117103622149E-002  -2.3087828772289922E-003   7.6341097187647585E-004  -1.8234206474478009E-004
   7.3248613240242165E-003   1.6849387477113204E-002   2.6221528693975111E-002   3.4778960332177242E-002   4.3141108485899991E-002   4.9979675899248358E-002   5.6756415779829109E-002   6.1267310215716263E-002   6.6020190554032590E-002   6.7756275781663794E-002   7.0228888601481770E-002   6.8925417351363330E-002   6.9080679877334628E-002   6.4650837195076485E-002   6.2713206026469306E-002   5.5186095956443394E-002   5.1759821726696076E-002   4.0961060461974674E-002   3.7979791162015913E-002   1.3073333789863559E-002  -1.4699623214004679E-003   2.9350168653755429E-004
   7.3054386000676380E-003   1.6917430900123116E-002   2.6087734399618815E-002   3.4992058416287143E-002   4.2836977713185058E-002   5.0385510142813131E-002   5.6238785727892066E-002   6.1906642758479728E-002   6.5249033035445700E-002   6.8670082301623928E-002   6.9160245068507181E-002   7.0163436286075978E-002   6.7654815100749610E-002   6.6289681935573316E-002   6.0824444744045400E-002   5.7384288142292295E-002   4.9143874413973797E-002   4.4231967887827989E-002   3.3320631068944756E-002   2.8422595229025086E-002   8.4437253877401031E-003  -5.9915037943550754E-004
   7.3196403600636738E-003   1.6867688741856575E-002   2.6185503969564285E-002   3.4836430603689954E-002   4.3058905752191109E-002   5.0089687978572148E-002   5.6615571344519292E-002   6.1442101890026260E-002   6.5808075600115382E-002   6.8009578833575321E-002   6.9929706442692835E-002   6.9276534196136011E-002   6.8669289479020360E-002   6.5134808220389723E-002   6.2137010962968975E-002   5.5889017360260987E-002   5.0861232359115778E-002   4.2222966575561204E-002   3.5768266764037736E-002   2.5097434097649463E-002   1.8270842369293754E-002   3.6569988025874690E-003
