          15
   1.5376620998150814E-002   3.5183023744194936E-002   5.3579610233520349E-002   6.9785338963079022E-002   8.3134602908499833E-002   9.3080500007781078E-002   9.9215742663555762E-002  0.10128912096278064        9.9215742663555762E-002   9.3080500007781078E-002   8.3134602908499833E-002   6.9785338963079022E-002   5.3579610233520349E-002   3.5183023744194936E-002   1.5376620998150814E-002
   6.0037409897571448E-003   3.1363303799647080E-002   7.5896708294786563E-002  0.13779113431991497       0.21451391369573047       0.30292432646121831       0.39940295300128270       0.50000000000000000       0.60059704699871730       0.69707567353878175       0.78548608630426953       0.86220886568008503       0.92410329170521344       0.96863669620035298       0.99399625901024291     
   7.6883104990317658E-003  -2.8820765229653211E-003   2.1497713568892451E-003  -1.7388496538035959E-003   1.4447041391577712E-003  -1.2087512459373110E-003   1.0073075528537101E-003  -8.2919827995756241E-004   6.6882097553015317E-004  -5.2345035117290994E-004   3.9204673069174133E-004  -2.7471562175501632E-004   1.7253812770663809E-004  -8.7779060264617055E-005   2.5062343754520564E-005
   1.6636222750986664E-002   1.7591511872027357E-002  -4.6635138656674928E-003   3.1535420516674087E-003  -2.4370936454159355E-003   1.9654599521153047E-003  -1.6035418051498298E-003   1.3026047364598442E-003  -1.0414855621407853E-003   8.1022819445488044E-004  -6.0428899504079013E-004   4.2219406852155174E-004  -2.6462968603020091E-004   1.3445727294169994E-004  -3.8363540071814749E-005
   1.4759665793603537E-002   3.8245317746393698E-002   2.6789805116815387E-002  -6.1612578219059052E-003   3.8854077848637842E-003  -2.8725872715902627E-003   2.2380918470904978E-003  -1.7688266043474801E-003   1.3895780566335705E-003  -1.0683344102596403E-003   7.9033394339357761E-004  -5.4907019093060263E-004   3.4283715236749424E-004  -1.7376894841944233E-004   4.9516101104472300E-005
   1.5759762106189217E-002   3.3593131847966286E-002   5.8310085109141097E-002   3.4892669481550898E-002  -7.3794094617305973E-003   4.4109680181181523E-003  -3.1309080275069524E-003   2.3528092447332714E-003  -1.7928315891554550E-003   1.3514426363291764E-003  -9.8660966733726103E-004   6.7926600044947627E-004  -4.2156371607460718E-004   2.1285364745781663E-004  -6.0531310168101117E-005
   1.5109407741235748E-002   3.6214415253624059E-002   5.1075494890194618E-002   7.5979806400428715E-002   4.1567301454295665E-002  -8.2827733654177484E-003   4.7328695554413307E-003  -3.2303967439553756E-003   2.3355819661564706E-003  -1.7052285606979907E-003   1.2194819541568819E-003  -8.2818570909031386E-004   5.0936412949512903E-004  -2.5573844484790567E-004   7.2513174785021161E-005
   1.5576303098975645E-002   3.4440109555158006E-002   5.5233147831274067E-002   6.6478299376104250E-002   9.0532340078552931E-002   4.6540250003938133E-002  -8.8394434055929106E-003   4.8467929814039485E-003  -3.1782242357091019E-003   2.1997331868453839E-003  -1.5230203882613206E-003   1.0132184770992587E-003  -6.1496168688253308E-004   3.0625402529237816E-004  -8.6472436875624200E-005
   1.5220506796370747E-002   3.5751657792337813E-002   5.2370970499458963E-002   7.1987524544687820E-002   7.9168848880497855E-002  0.10137333529676958        4.9607871331846728E-002  -9.0287755941222646E-003   4.7519548261733876E-003  -2.9816911414961753E-003   1.9570249045526979E-003  -1.2610232690338839E-003   7.5041569679001917E-004  -3.6932255182715130E-004   1.0365498841397311E-004
   1.5502500930384085E-002   3.4730560804940649E-002   5.4515278735085299E-002   6.8164319952373958E-002   8.5786000689338379E-002   8.8626498335592330E-002  0.10805970011325892        5.0644560481484135E-002  -8.8439574497173063E-003   4.4540016722015930E-003  -2.6513977808551104E-003   1.6210190107198716E-003  -9.3566850152156328E-004   4.5246293912401628E-004  -1.2587993223724179E-004
   1.5272966009737701E-002   3.5552346295917039E-002   5.2829194536754873E-002   7.1046362232136756E-002   8.1177578003925888E-002   9.6062191149292042E-002   9.4463787837370514E-002  0.11031789655691138        4.9607871331878051E-002  -8.2928352889868016E-003   3.9657540279953675E-003  -2.2021855816066328E-003   1.2086397341232887E-003  -5.6863404829299172E-004   1.5611420176748955E-004
   1.5463093435029317E-002   3.4876769718823898E-002   5.4194571920412785E-002   6.8772120486006408E-002   8.4657623296741064E-002   9.0880766820947589E-002  0.10239396689925716        9.6442327981381443E-002  0.10805518606914499        4.6540250004023370E-002  -7.3977371700630580E-003   3.3070395869717207E-003  -1.6535375976812719E-003   7.4291418887657661E-004  -1.9968210085028775E-004
   1.5304107823368570E-002   3.5438762188989774E-002   5.3070246104023985E-002   7.0613524672196504E-002   8.1915120954322615E-002   9.4785728568492961E-002   9.6880160697387835E-002  0.10451951770674553        9.4482873108107629E-002  0.10136327337319941        4.1567301454389353E-002  -6.1944674373749196E-003   2.5041153434105365E-003  -1.0313915095947420E-003   2.6721325687480802E-004
   1.5437152308321399E-002   3.4970170096703244E-002   5.4001173949592654E-002   6.9106072962645954E-002   8.4121212575829010E-002   9.1729057371452455E-002  0.10100857425271580        9.8936311718037198E-002  0.10234665069107975        8.8669531989639699E-002   9.0514012370248295E-002   3.4892669481699244E-002  -4.7304748755617214E-003   1.5898918960759827E-003  -3.8314110809731803E-004
   1.5327104897047125E-002   3.5356792692598858E-002   5.3236773081145092E-002   7.0334409154027472E-002   8.2344268965090658E-002   9.4148834418055716E-002   9.7826164606905547E-002  0.10305794756714744        9.6977650816441704E-002   9.5953087279403618E-002   7.9249195123588689E-002   7.5946596785023482E-002   2.6789805116948937E-002  -3.0622940023723021E-003   6.1695520447949549E-004
   1.5414984538223783E-002   3.5048566471244193E-002   5.3844239919552575E-002   6.9363144894555903E-002   8.3738891903547413E-002   9.2270271813314264E-002  0.10025722822571334        9.9986516226298491E-002  0.10081928446873450        9.1115040055628468E-002   8.5571696553968818E-002   6.6631796911313310E-002   5.8243124099375841E-002   1.7591511872146297E-002  -1.2596017529308821E-003
   1.5351558654396353E-002   3.5270802804458427E-002   5.3407072105812872E-002   7.0060054584835593E-002   8.2742556177806792E-002   9.3603950358955162E-002   9.8546921688024314E-002  0.10211831924273951        9.8208435110700792E-002   9.4289251253719314E-002   8.1689898769342559E-002   7.1524188616877357E-002   5.1429838876637789E-002   3.8065100267202320E-002   7.6883104990758174E-003
