          10
   3.3335672154352437E-002   7.4725674575292597E-002  0.10954318125798879       0.13463335965499845       0.14776211235737630       0.14776211235737630       0.13463335965499845       0.10954318125798879        7.4725674575292597E-002   3.3335672154352437E-002
   1.3046735741414350E-002   6.7468316655508120E-002  0.16029521585048750       0.28330230293537650       0.42556283050918425       0.57443716949081580       0.71669769706462350       0.83970478414951244       0.93253168334449188       0.98695326425858565     
   1.6667836077172659E-002  -6.1206802923353797E-003   4.3920037302887863E-003  -3.3453505088256777E-003   2.5475689702789033E-003  -1.8826203869353592E-003   1.3108146277031575E-003  -8.2098635313833910E-004   4.1724383566786230E-004  -1.1909395846203430E-004
   3.6066152578195607E-002   3.7362837287645161E-002  -9.5313735918891775E-003   6.0722844617434870E-003  -4.3040458129590588E-003   3.0685186108672857E-003  -2.0941139574501533E-003   1.2962496554980957E-003  -6.5432811514241917E-004   1.8613553900043592E-004
   3.1999117977517220E-002   8.1227570111859146E-002   5.4771590628997183E-002  -1.1877612891529808E-002   6.8781463977074953E-003  -4.5027432968621217E-003   2.9408733314141475E-003  -1.7761337465742307E-003   8.8424609193128007E-004  -2.4983875397003945E-004
   3.4163992179112805E-002   7.1355369074633246E-002  0.11920729054875893        6.7316679827501336E-002  -1.3096519547196586E-002   6.9488659838351022E-003  -4.1484535272314901E-003   2.3928142417702298E-003  -1.1622979513323676E-003   3.2456210553016363E-004
   3.2760931291289930E-002   7.6902299703646190E-002  0.10444407956309479       0.14656624555041559        7.3881056178692062E-002  -1.3112209169585578E-002   6.3314550548208386E-003  -3.3381007976753777E-003   1.5517991688514972E-003  -4.2472603435834207E-004
   3.3760398188709032E-002   7.3173875406437230E-002  0.11288128205566618       0.12830190460017746       0.16087432152696166        7.3881056178693949E-002  -1.1932885895418199E-002   5.0991016948969932E-003  -2.1766251283582283E-003   5.7474086305965067E-004
   3.3011110048821249E-002   7.5887972526622327E-002  0.10715036701621961       0.13878181318223035       0.14081324637354053       0.16085863190457372        6.7316679827505319E-002  -9.6641092907673882E-003   3.3703055006548315E-003  -8.2832002476465453E-004
   3.3585510908322021E-002   7.3841428483359589E-002  0.11131931500456367       0.13169248632358438       0.15226485565423858       0.14088396595966857       0.14651097254652803        5.4771590629003886E-002  -6.5018955365714120E-003   1.3365541768296497E-003
   3.3149536615351735E-002   7.5380002690434530E-002  0.10824693160249038       0.13672747361244952       0.14469359374650764       0.15206615817033742       0.12856107519325155       0.11907455484988359        3.7362837287652106E-002  -2.7304804238506815E-003
   3.3454766112814484E-002   7.4308430739624426E-002  0.11036416761112747       0.13332254502729488       0.14964473274431225       0.14521454338709655       0.13797871016382521       0.10515117752769831        8.0846354867632336E-002   1.6667836077176607E-002
