          11
   2.78314576E-02   6.27849549E-02   9.31460336E-02  0.116597712      0.131402344      0.136462539      0.131402344      0.116597712       9.31460336E-02   6.27849549E-02   2.78314576E-02
   1.08854771E-02   5.64686358E-02  0.134924114      0.240452111      0.365228474      0.500000000      0.634771526      0.759547889      0.865075886      0.943531394      0.989114523    
   1.39166508E-02  -5.14298119E-03   3.73541005E-03  -2.90024048E-03   2.27263873E-03  -1.75232138E-03   1.30242982E-03  -9.09237075E-04   5.70107019E-04  -2.89859454E-04   8.27442855E-05
   3.01134102E-02   3.13954242E-02  -8.10612179E-03   5.26322518E-03  -3.83775914E-03   2.85379565E-03  -2.07801745E-03   1.43280393E-03  -8.91542411E-04   4.51221742E-04  -1.28509288E-04
   2.67164297E-02   6.82553798E-02   4.65712138E-02  -1.02891251E-02   6.12636562E-03  -4.18029679E-03   2.91048759E-03  -1.95561000E-03   1.19813043E-03  -6.00901782E-04   1.70358762E-04
   2.85243727E-02   5.99570982E-02  0.101364829       5.82971796E-02  -1.16538983E-02   6.43855287E-03  -4.09177877E-03   2.62070657E-03  -1.56241993E-03   7.71553372E-04  -2.17071676E-04
   2.73500588E-02   6.46241754E-02   8.88027400E-02  0.126937494       6.56985492E-02  -1.21238763E-02   6.21918077E-03  -3.63058201E-03   2.06320360E-03  -9.92865069E-04   2.75893428E-04
   2.81886421E-02   6.14763461E-02   9.59997624E-02  0.111095525      0.143077001       6.82274997E-02  -1.16739580E-02   5.50082885E-03  -2.85333884E-03   1.31291011E-03  -3.57413461E-04
   2.75552962E-02   6.37807176E-02   9.10838097E-02  0.120226808      0.125183851      0.148586035       6.56967685E-02  -1.03401644E-02   4.34272084E-03  -1.83362048E-03   4.81401163E-04
   2.80482713E-02   6.20153062E-02   9.47090909E-02  0.113976501      0.135493532      0.130025238      0.143054903       5.82931079E-02  -8.21903534E-03   2.83380784E-03  -6.92297181E-04
   2.76610013E-02   6.33866861E-02   9.19487104E-02  0.118552513      0.128492370      0.140642107      0.125277787      0.126883566       4.65676636E-02  -5.46336081E-03   1.11614109E-03
   2.79598832E-02   6.23342097E-02   9.40375999E-02  0.115165144      0.133479699      0.133609667      0.135239020      0.111336678      0.101245724       3.13916728E-02  -2.27961526E-03
   2.77486909E-02   6.30748793E-02   9.25760046E-02  0.117506921      0.130099893      0.138214916      0.129129648      0.119498208       8.94099921E-02   6.79271445E-02   1.39159681E-02
