           7
   6.47402480E-02  0.139852718      0.190915152      0.208979592      0.190915152      0.139852718       6.47402480E-02
   2.54459381E-02  0.129234374      0.297077477      0.500000000      0.702922523      0.870765626      0.974554062    
   3.23709361E-02  -1.14508597E-02   7.63310306E-03  -5.13366889E-03   3.17501719E-03  -1.60679652E-03   4.58102848E-04
   7.00429827E-02   6.99265003E-02  -1.65902749E-02   9.34981089E-03  -5.39720617E-03   2.64589861E-03  -7.43865443E-04
   6.21529035E-02  0.152006164       9.54565853E-02  -1.83750167E-02   8.71241838E-03  -3.95350251E-03   1.07669318E-03
   6.63314164E-02  0.133596450      0.207701549      0.104488857      -1.67869069E-02   6.25695568E-03  -1.59045507E-03
   6.36638999E-02  0.143806741      0.182202443      0.227354795       9.54558477E-02  -1.21526495E-02   2.58850516E-03
   6.54842183E-02  0.137207165      0.196311980      0.199630275      0.207504556       6.99247122E-02  -5.30096004E-03
   6.42821938E-02  0.141459480      0.187740311      0.214112937      0.183282524      0.151302472       3.23700532E-02
