          11
   2.7834283558094985E-002   6.2790184732455748E-002   9.3145105463865771E-002  0.11659688229599338       0.13140227225512305       0.13646254338895031       0.13140227225512305       0.11659688229599338        9.3145105463865771E-002   6.2790184732455748E-002   2.7834283558094985E-002
   1.0885670926971625E-002   5.6468700115952675E-002  0.13492399721297510       0.24045193539659382       0.36522842202382733       0.50000000000000000       0.63477157797617267       0.75954806460340618       0.86507600278702490       0.94353129988404727       0.98911432907302843     
   1.3917141779043832E-002  -5.1432556298351426E-003   3.7356037491410427E-003  -2.9003790513832789E-003   2.2727421526500769E-003  -1.7524011626408953E-003   1.3024891173182807E-003  -9.0927965771167997E-004   5.7013606228347282E-004  -2.8987532497849722E-004   8.2748893084586903E-005
   3.0114239194825466E-002   3.1395092366226188E-002  -8.1056269790794437E-003   5.2628212735346402E-003  -3.8374366816921143E-003   2.8535467644772512E-003  -2.0778329171461632E-003   1.4326778128764504E-003  -8.9146671198807499E-004   4.5118493091603418E-004  -1.2849893699664225E-004
   2.6717983850268495E-002   6.8254280917152563E-002   4.6572552731935016E-002  -1.0289524815287523E-002   6.1266732476698031E-003  -4.1805375370488574E-003   2.9106679541047466E-003  -1.9557398750911074E-003   1.1982165650736122E-003  -6.0094794299509293E-004   1.7037211719563253E-004
   2.8526668906244123E-002   5.9956030735602739E-002  0.10136504115357066        5.8298441147999286E-002  -1.1653692586670887E-002   6.4383812978044382E-003  -4.0916486527812585E-003   2.6206189057206711E-003  -1.5623710800668968E-003   7.7153096001512304E-004  -2.1706539084032729E-004
   2.7352859999384641E-002   6.4623892430249880E-002   8.8802184934388739E-002  0.12693752709248396        6.5701136127565549E-002  -1.2124061580422282E-002   6.2192625742502053E-003  -3.6306333838633810E-003   2.0632403755469451E-003  -9.9288627564588883E-004   2.7589972989486007E-004
   2.8191721061873256E-002   6.1477189063203472E-002   9.5998610902894632E-002  0.11109577431636977       0.14307675230704223        6.8231271694480386E-002  -1.1674480051919700E-002   5.5011079796251829E-003  -2.8535054390287033E-003   1.3129956692478461E-003  -3.5743750378036703E-004
   2.7558383828198776E-002   6.3783071008098519E-002   9.1081865088318295E-002  0.12022751567985832       0.12518300968087281       0.14858660496937171        6.5701136127568699E-002  -1.0340644796490174E-002   4.3429205294783320E-003  -1.8337076977995828E-003   4.8142355870725340E-004
   2.8051348948934574E-002   6.2018653772438467E-002   9.4707476543932398E-002  0.11397626339027303       0.13549392090790557       0.13002416209114379       0.14305596484179503        5.8298441148005690E-002  -8.2199356897042965E-003   2.8341539968477314E-003  -6.9238534815363657E-004
   2.7663911440898921E-002   6.3391132675449838E-002   9.1946888898791559E-002  0.11855262217108524       0.12849160430101816       0.14064308092599975       0.12527559900745094       0.12688640711128429        4.6572552731942114E-002  -5.4640961847027894E-003   1.1162997078208235E-003
   2.7962782495091494E-002   6.2338999801539098E-002   9.4036572175853941E-002  0.11516420448311661       0.13348010517227005       0.13360899662447207       0.13523970893681608       0.11133406102245659       0.10125073244295141        3.1395092366233161E-002  -2.2799556367380097E-003
   2.7751534665010336E-002   6.3080060057434287E-002   9.2574969401581969E-002  0.11750616195370557       0.13009978313780410       0.13821494455159214       0.12912953010247169       0.11949726134737797        8.9409501714723186E-002   6.7933440362295122E-002   1.3917141779047994E-002
