   1.7559730165896095E-002   4.0079043579656519E-002   6.0759285343933191E-002   7.8601583579094012E-002   9.2769198738971909E-002  0.10259923186064811       0.10763192673157899       0.10763192673157899       0.10259923186064811        9.2769198738971909E-002   7.8601583579094012E-002   6.0759285343933191E-002   4.0079043579656519E-002   1.7559730165896095E-002
   6.8580956515970071E-003   3.5782558168208189E-002   8.6399342465112827E-002  0.15635354759415698       0.24237568182092406       0.34044381553605524       0.44597252564632833       0.55402747435367161       0.65955618446394482       0.75762431817907594       0.84364645240584302       0.91360065753488717       0.96421744183179181       0.99314190434840299     
   8.7798650829394309E-003  -3.2831162304309707E-003   2.4376997719056030E-003  -1.9580992967759472E-003   1.6111677584796558E-003  -1.3305215627031125E-003   1.0896388846623748E-003  -8.7630200574058317E-004   6.8469369104002501E-004  -5.1234841284298293E-004   3.5884823129836663E-004  -2.2533104839268811E-004   1.1462820860102555E-004  -3.2727420446222326E-005
   1.8998153590185304E-002   2.0039521789924783E-002  -5.2882869287744902E-003   3.5514117389664878E-003  -2.7182264868871506E-003   2.1638604352232438E-003  -1.7350699641622653E-003   1.3771125761764063E-003  -1.0667364774629585E-003   7.9356802613808305E-004  -5.5359321933595414E-004   3.4668128126924021E-004  -1.7605996067164738E-004   5.0221767603282009E-005
   1.6855223027928558E-002   4.3567390769637192E-002   3.0379642671957696E-002  -6.9392317551897195E-003   4.3344047055010864E-003  -3.1635153229597804E-003   2.4227728905439052E-003  -1.8712135505191451E-003   1.4245300638398445E-003  -1.0476043031231101E-003   7.2515325262590064E-004  -4.5177184598145298E-004   2.2868363414214893E-004  -6.5121773328521420E-005
   1.7997172946557879E-002   3.8268174391552022E-002   6.6123334553694707E-002   3.9300791789511708E-002  -8.2337353649075424E-003   4.8594874272537862E-003  -3.3912837807192368E-003   2.4911995991269264E-003  -1.8402103787497190E-003   1.3274581994746572E-003  -9.0727712118121335E-004   5.6054587437157327E-004  -2.8227785946528068E-004   8.0167317567533895E-005
   1.7254761798368476E-002   4.1253397991752393E-002   5.7920462373879059E-002   8.5577871476902975E-002   4.6384599369442774E-002  -9.1281200030721970E-003   5.1298239065911072E-003  -3.4239950868970928E-003   2.4010077122071727E-003  -1.6785938592632668E-003   1.1247301694134956E-003  -6.8612955211782482E-004   3.4284490903886786E-004  -9.6979385429106336E-005
   1.7787447266611842E-002   3.9233759895803980E-002   6.2632719742195989E-002   7.4878715481160180E-002  0.10102275350075123        5.1299615930233203E-002  -9.5863697595083043E-003   5.1428942565241035E-003  -3.2729820028477722E-003   2.1709671465075689E-003  -1.4097907680675702E-003   8.4360698476820231E-004  -4.1670660679417483E-004   1.1718446856621168E-004
   1.7381959820427468E-002   4.0725133887921275E-002   5.9391606126038839E-002   8.1078174713547571E-002   8.8347744362618927E-002  0.11173735846975690        5.3815963365713350E-002  -9.5894450274669717E-003   4.9024208363180203E-003  -2.9511808470159082E-003   1.8192764865375703E-003  -1.0563185246993886E-003   5.1279723991921444E-004  -1.4296526348574735E-004
   1.7702695429337955E-002   3.9566246339828512E-002   6.1815603868698520E-002   7.6782307092534169E-002   9.5720379586003088E-002   9.7696811024322830E-002  0.11722137175903277        5.3815963365660795E-002  -9.1381266091193711E-003   4.4214543763657129E-003  -2.4765911344720661E-003   1.3676792179560329E-003  -6.4609030813793139E-004   1.7777034541557584E-004
   1.7442545697297057E-002   4.0495750186509180E-002   5.9915678359231186E-002   8.0011374347132791E-002   9.0598231592490794E-002  0.10587221386347026       0.10248903247508077       0.11721829649104204        5.1299615930211581E-002  -8.2535547617596169E-003   3.7228680979157539E-003  -1.8734343982081284E-003   8.4528368401342723E-004  -2.2771710077396104E-004
   1.7656709551301969E-002   3.9736198670654262E-002   6.1445414896102453E-002   7.7476853409662483E-002   9.4447792598247954E-002  0.10019822414843498       0.11105592181847104       0.10250210282501021       0.11172735186364782        4.6384599369346614E-002  -6.9762878977897205E-003   2.8388229700819626E-003  -1.1743544118988302E-003   3.0496836746768104E-004
   1.7479562848314999E-002   4.0361321439138342E-002   6.0198739469605210E-002   7.9508860700251718E-002   9.1441740539522046E-002  0.10443944223937203       0.10514072713247835       0.11102321051226892        9.7739744433436720E-002  0.10100293410376303        3.9300791789433610E-002  -5.3640492097112198E-003   1.8108691883085184E-003  -4.3744278071239698E-004
   1.7624851939216656E-002   3.9850359945524487E-002   6.1211057189935046E-002   7.7876430326463297E-002   9.3816803042096358E-002  0.10117470179681180       0.10950314028208816       0.10520915384105212       0.10576274718358329        8.8434794033508846E-002   8.5540815334134296E-002   3.0379642671887648E-002  -3.4883471897402861E-003   7.0450713792136025E-004
   1.7509508398290297E-002   4.0255103540329421E-002   6.0412604062677712E-002   7.9155176798420074E-002   9.1975630712845660E-002  0.10366596833809735       0.10625481415541849       0.10936699669572221       0.10043537142544894        9.5487425225827816E-002   7.5050171840165200E-002   6.6047572272523863E-002   2.0039521789910544E-002  -1.4384234243121805E-003
   1.7592457586342210E-002   3.9964415371054440E-002   6.0984616392330951E-002   7.8242735347789930E-002   9.3281547151822602E-002  0.10191453816959808       0.10850822873733214       0.10654228784690099       0.10392975342337071        9.1158030980467722E-002   8.0559682875901512E-002   5.8321585571969758E-002   4.3362159810127358E-002   8.7798650829552117E-003
