          21
   8.0086141598528608E-003   1.8476894903364308E-002   2.8567212716877122E-002   3.8050056814867998E-002   4.6722211732024059E-002   5.4398649583816260E-002   6.0915708026891412E-002   6.6134469316662683E-002   6.9943697395537310E-002   7.2262201994984981E-002   7.3040566824845207E-002   7.2262201994984981E-002   6.9943697395537310E-002   6.6134469316662683E-002   6.0915708026891412E-002   5.4398649583816260E-002   4.6722211732024059E-002   3.8050056814867998E-002   2.8567212716877122E-002   1.8476894903364308E-002   8.0086141598528608E-003
   3.1239146898052739E-003   1.6386580716846844E-002   3.9950332924799770E-002   7.3318317708341352E-002  0.11578001826216122       0.16643059790129416       0.22419058205638986       0.28782893989628056       0.35598934159879969       0.42721907291955247       0.50000000000000000       0.57278092708044759       0.64401065840120031       0.71217106010371944       0.77580941794361014       0.83356940209870589       0.88421998173783878       0.92668168229165859       0.96004966707520023       0.98361341928315316       0.99687608531019478     
   4.0043070649081270E-003  -1.5135943852343321E-003   1.1463573816966189E-003  -9.4858016454528807E-004   8.1305677265702825E-004  -7.0864326559015286E-004   6.2238349701663142E-004  -5.4783201854777285E-004   4.8142729968087043E-004  -4.2107157490980983E-004   3.6548556454018806E-004  -3.1388318258462059E-004   2.6579487037338179E-004  -2.2096676599169272E-004   1.7930212211806812E-004  -1.4082894172339305E-004   1.0568702362962794E-004  -7.4134472778272225E-005   4.6583610707428988E-005  -2.3704011050306414E-005   6.7682657909541977E-006
   8.6646655639025568E-003   9.2384474427843564E-003  -2.4866138578390710E-003   1.7200479267623007E-003  -1.3711763435705069E-003   1.1517780468110357E-003  -9.9016763648483480E-004   8.5987320602944897E-004  -7.4883471114300481E-004   6.5080970262318340E-004  -5.6230012889809614E-004   4.8125718287547460E-004  -4.0646792335744284E-004   3.3723945506193846E-004  -2.7322756532820641E-004   2.1434334313859938E-004  -1.6070859726154333E-004   1.1265115502582198E-004  -7.0750592849546444E-005   3.5989302630633420E-005  -1.0274252188304811E-005
   7.6872410246873702E-003   2.0085203798680288E-002   1.4283606360426934E-002  -3.3598399491862594E-003   2.1851085050004844E-003  -1.6821866727962593E-003   1.3805560716912515E-003  -1.1659298049737431E-003   9.9714841649148540E-004  -8.5591587836918301E-004   7.3297621743385183E-004  -6.2324862677420444E-004   5.2381226754327640E-004  -4.3296948539512574E-004   3.4977367406345772E-004  -2.7378069558054460E-004   2.0492190752950394E-004  -1.4345831448932584E-004   9.0015277307399630E-005  -4.5760546598133328E-005   1.3059382685681148E-005
   8.2082672532169682E-003   1.7641649224459738E-002   3.1089712562273376E-002   1.9025028409501810E-002  -4.1482857250568867E-003   2.5808987415645791E-003  -1.9286923366987007E-003   1.5478193719717362E-003  -1.2830228072069631E-003   1.0788037485077564E-003  -9.1068112197136258E-004   7.6636548721748616E-004  -6.3916248588135889E-004   5.2525453995387985E-004  -4.2244625494864145E-004   3.2953998632326281E-004  -2.4601703783407107E-004   1.7189249822409898E-004  -1.0770559948326778E-004   5.4702771127642480E-005  -1.5603508517240211E-005
   7.8692487751005277E-003   1.9019144066082874E-002   2.7231178801562724E-002   4.1428375212179749E-002   2.3361105872654251E-002  -4.8426122629589676E-003   2.9113155183733467E-003  -2.1202949450379381E-003   1.6659084191210046E-003  -1.3550269961166944E-003   1.1188250236550141E-003  -9.2703352055579071E-004   7.6450535934774824E-004  -6.2302050437853108E-004   4.9791834902771230E-004  -3.8655194814014393E-004   2.8753042973483499E-004  -2.0035357782377237E-004   1.2529474756210306E-004  -6.3554265800252476E-005   1.8115721840205429E-005
   8.1129411869546673E-003   1.8085685135414049E-002   2.9450605684451830E-002   3.6244803472145946E-002   5.0881461217970284E-002   2.7199324799047932E-002  -5.4306024459693705E-003   3.1738366719404856E-003  -2.2586731808053313E-003   1.7387819137864478E-003  -1.3872248196437900E-003   1.1232647000455624E-003  -9.1145063120679523E-004   7.3407755128766859E-004  -5.8157035420055116E-004   4.4854297920264813E-004  -3.3200386534395777E-004   2.3050232490674810E-004  -1.4377473365867347E-004   7.2803267155788622E-005  -2.0732953113935873E-005
   7.9267891188597329E-003   1.8777231592154962E-002   2.7919783011437486E-002   3.9254784711561304E-002   4.4489239244609201E-002   5.9248259791653317E-002   3.0457854028047650E-002  -5.9008522736232324E-003   3.3649100142942355E-003  -2.3435774506840651E-003   1.7680233073053581E-003  -1.3823345431331902E-003   1.0955784058528232E-003  -8.6787958066539598E-004   6.7936740228239474E-004  -5.1935113273755633E-004   3.8190225939175481E-004  -2.6387453337869238E-004   1.6403090887576356E-004  -8.2875126551675804E-005   2.3572926530656553E-005
   8.0749543654987932E-003   1.8236660296566835E-002   2.9070843654649677E-002   3.7159528532958168E-002   4.8220142693367544E-002   5.1788022614080928E-002   6.6350915990310164E-002   3.3067234672549718E-002  -6.2439061676942851E-003   3.4815123321732112E-003  -2.3746193580846007E-003   1.7547029923973673E-003  -1.3423481602360039E-003   1.0383849660110642E-003  -7.9939401653374869E-004   6.0381262452218908E-004  -4.4014711498834626E-004   3.0220194244635153E-004  -1.8702397553873806E-004   9.4219217682388134E-005  -2.6758172871955632E-005
   7.9534903038335509E-003   1.8674713139763498E-002   2.8159945845078343E-002   3.8748033792864012E-002   4.5609389149543295E-002   5.6155330677465268E-002   5.7985124094152928E-002   7.2038323935895807E-002   3.4971848718542919E-002  -6.4527611786140415E-003   3.5217381345398831E-003  -2.3519379630063601E-003   1.7000821650155519E-003  -1.2692420707289896E-003   9.5416651910877148E-004  -7.0887993375025934E-004   5.1068763291547221E-004  -3.4771065648991895E-004   2.1394145617214052E-004  -1.0737586634363800E-004   3.0433743639004848E-005
   8.0552803141310126E-003   1.8310487798970883E-002   2.8905579529913569E-002   3.7482006811213636E-002   4.7598324779356570E-002   5.3089702642978236E-002   6.2891300740845840E-002   6.2948184310678640E-002   7.6189424247437965E-002   3.6131101019594929E-002  -6.5231374445314048E-003   3.4850562935551891E-003  -2.2764769484103328E-003   1.6059066572463553E-003  -1.1652826099819349E-003   8.4558844263530361E-004  -5.9938744163043236E-004   4.0353392978804324E-004  -2.4638712339535197E-004   1.2305379765934364E-004  -3.4786779542869480E-005
   7.9685400811637767E-003   1.8619138585905557E-002   2.8280535211048341E-002   3.8524470827677106E-002   4.6006527529471541E-002   5.5431817316729672E-002   5.9441179608903674E-002   6.8284564776507822E-002   6.6571278519148389E-002   7.8715824910996837E-002   3.6520283439515432E-002  -6.4536229148734591E-003   3.3724188773721396E-003  -2.1500954610208264E-003   1.4745284192267008E-003  -1.0331677344681816E-003   7.1568419983962170E-004  -4.7441401376962681E-004   2.8667750574843260E-004  -1.4224369877467437E-004   4.0074070953382597E-005
   8.0434009332871689E-003   1.8353841091749278E-002   2.8813599839540356E-002   3.7646522885005258E-002   4.7321599170992025E-002   5.3553061139551883E-002   6.2080990638279751E-002   6.4528562657919647E-002   7.2220174345578092E-002   6.8777145699506825E-002   7.9563704274610320E-002   3.6131101026737708E-002  -6.2457268493848776E-003   3.1862850045349393E-003  -1.9755927124887980E-003   1.3089469390059250E-003  -8.7611304966449374E-004   5.6805000156824994E-004  -3.3836681244840602E-004   1.6640708613628377E-004  -4.6666163927063720E-005
   7.9781804114611651E-003   1.8584270758157745E-002   2.8353271259404525E-002   3.8397767471969525E-002   4.6211524096627446E-002   5.5107529516043273E-002   5.9961541508961401E-002   6.7403711386256129E-002   6.8243615231588006E-002   7.4614139957042747E-002   6.9518828691032611E-002   7.8714963177446931E-002   3.4971848730886650E-002  -5.9038546211169617E-003   2.9305839350386299E-003  -1.7566810962641095E-003   1.1128225809557313E-003  -6.9797698128556756E-004   4.0726687292282792E-004  -1.9781825629369438E-004   5.5123844170949019E-005
   8.0353723291311050E-003   1.8382675676373524E-002   2.8754236690996613E-002   3.7747854873056957E-002   4.7162358845392112E-002   5.3794836957238239E-002   6.1715102045199095E-002   6.5096084348787830E-002   7.1286045557768102E-002   7.0507499000408466E-002   7.5415186185367647E-002   6.8780689660150746E-002   7.6187603572200530E-002   3.3067234693388625E-002  -5.4352079622836851E-003   2.6106269677290150E-003  -1.4979309630268087E-003   8.9052827833698532E-004  -5.0363093682247715E-004   2.4023458595522955E-004  -6.6340220011357567E-005
   7.9850412306607839E-003   1.8559770022793728E-002   2.8403181806483623E-002   3.8313931349023368E-002   4.6340309471373881E-002   5.4918000714839238E-002   6.0236340625861036E-002   6.7002348896164118E-002   6.8848118990778251E-002   7.3644536537091493E-002   7.1272543518487858E-002   7.4605779444819553E-002   6.6578787382494203E-002   7.2035321596735535E-002   3.0457854051357005E-002  -4.8496102125867788E-003   2.2329724872318605E-003  -1.2047279011851240E-003   6.4742970646389621E-004  -3.0033671035688720E-004   8.1825023989674488E-005
   8.0293471111109842E-003   1.8404091630885536E-002   2.8710987449408122E-002   3.7819554490261392E-002   4.7054215597083220E-002   5.3950106602458324E-002   6.1497278382941438E-002   6.5400391763433430E-002   7.0855148028835732E-002   7.1138937292645268E-002   7.4427791647043634E-002   7.0523420078310611E-002   7.2202370579655117E-002   6.2960632642280384E-002   6.6346310484965740E-002   2.7199324831111933E-002  -4.1592494901541458E-003   1.8052533403198044E-003  -8.8339296806866331E-004   3.9120974672006149E-004  -1.0432704701234284E-004
   7.9904984367461171E-003   1.8540449165597231E-002   2.8441917968235760E-002   3.8250410393197584E-002   4.6434681301795969E-002   5.4785201530890955E-002   6.0417789678434142E-002   6.6757489820642654E-002   6.9179192036433607E-002   7.3189235515452283E-002   7.1921741801105041E-002   7.3617228991402994E-002   6.8277788975808176E-002   6.8254764262886639E-002   5.8004392509526922E-002   5.9241261856350945E-002   2.3361105904699191E-002  -3.3783184039721114E-003   1.3360339161835762E-003  -5.4224918452743616E-004   1.3936536228299136E-004
   8.0242176676427815E-003   1.8422192129827493E-002   2.8674918315964960E-002   3.7878164316410612E-002   4.6968228770398225E-002   5.4069109595709160E-002   6.1338154283540593E-002   6.5609214774808397E-002   7.0582859883574531E-002   7.1495836505303029E-002   7.3951247949649926E-002   7.1183398243194876E-002   7.1226720206598912E-002   6.4586649940032395E-002   6.2844400370112422E-002   5.1817750838459388E-002   5.0870497469250729E-002   1.9025028447303412E-002  -2.5224998505965924E-003   8.3524565964125587E-004  -1.9965311896735834E-004
   7.9955547767290303E-003   1.8522655448842486E-002   2.8477197438973229E-002   3.8193515129798836E-002   4.6517289823995729E-002   5.4672430279508112E-002   6.0565934352327003E-002   6.6567438802807383E-002   6.9419885126989142E-002   7.2885450623036252E-002   7.2307590605833777E-002   7.3118117875277083E-002   6.8946548976703312E-002   6.7300399124533491E-002   5.9535151951520711E-002   5.6080836263828614E-002   4.4537103219041869E-002   4.1409896781788788E-002   1.4283606394028148E-002  -1.6083089185841149E-003   3.2137310824615121E-004
   8.0188884119176337E-003   1.8440905600090401E-002   2.8637963309843559E-002   3.7937405659436069E-002   4.6882920329924228E-002   5.4184306239604733E-002   6.1188935593430284E-002   6.5797229860160136E-002   7.0350165320591782E-002   7.1780944810131239E-002   7.3602866956027857E-002   7.1611392289744225E-002   7.0692532109660033E-002   6.5274596107261287E-002   6.1905875667164122E-002   5.3246871533333726E-002   4.8093388081257300E-002   3.6330008879919932E-002   3.1053826598751735E-002   9.2384474732127592E-003  -6.5605143558472611E-004
   8.0018458939871105E-003   1.8500598914472883E-002   2.8520629105836484E-002   3.8124191288133540E-002   4.6616524707711396E-002   5.4539478526408711E-002   6.0736405903635431E-002   6.6355436084067701E-002   6.9677902523455335E-002   7.2576085179594685E-002   7.2675081257939603E-002   7.2683273572628493E-002   6.9462270092719505E-002   6.6682301338798045E-002   6.0293324525766981E-002   5.5107292854216970E-002   4.5909154954073703E-002   3.8998636985485675E-002   2.7420855328635786E-002   1.9990489305172315E-002   4.0043070816996821E-003
