          10
   3.33403721E-02   7.47277364E-02  0.109543651      0.134633362      0.147761986      0.147761986      0.134633362      0.109543651       7.47277364E-02   3.33403721E-02
   1.30469203E-02   6.74684048E-02  0.160295367      0.283302337      0.425562710      0.574437320      0.716697693      0.839704633      0.932531595      0.986953080    
   1.66683737E-02  -6.12096023E-03   4.39220760E-03  -3.34550929E-03   2.54768576E-03  -1.88270595E-03   1.31087739E-03  -8.21025635E-04   4.17263655E-04  -1.19099845E-04
   3.60671356E-02   3.73626463E-02  -9.53092054E-03   6.07194426E-03  -4.30377899E-03   3.06831859E-03  -2.09398055E-03   1.29616598E-03  -6.54285250E-04   1.86123638E-04
   3.20008583E-02   8.12267587E-02   5.47734499E-02  -1.18782129E-02   6.87856833E-03  -4.50304570E-03   2.94109038E-03  -1.77626894E-03   8.84314417E-04  -2.49858742E-04
   3.41665559E-02   7.13545680E-02  0.119208045       6.73180819E-02  -1.30962310E-02   6.94861589E-03  -4.14828723E-03   2.39270669E-03  -1.16224249E-03   3.24546796E-04
   3.27641554E-02   7.69019946E-02  0.104444496      0.146565944       7.38842785E-02  -1.31127201E-02   6.33178605E-03  -3.33829853E-03   1.55189622E-03  -4.24754049E-04
   3.37642096E-02   7.31739402E-02  0.112882063      0.128300786      0.160875514       7.38848820E-02  -1.19332206E-02   5.09921648E-03  -2.17666733E-03   5.74752281E-04
   3.30152810E-02   7.58887231E-02  0.107150875      0.138781354      0.140812963      0.160860047       6.73209876E-02  -9.66451410E-03   3.37044592E-03  -8.28357297E-04
   3.35899815E-02   7.38426149E-02  0.111320004      0.131691888      0.152265057      0.140883580      0.146512881       5.47761470E-02  -6.50230749E-03   1.33664405E-03
   3.31541076E-02   7.53818378E-02  0.108247258      0.136727631      0.144692987      0.152066782      0.128560230      0.119077615       3.73671427E-02  -2.73079448E-03
   3.34594734E-02   7.43103251E-02  0.110364839      0.133322209      0.149645030      0.145213827      0.137979612      0.105150573       8.08509439E-02   1.66702755E-02
