   5.06146103E-02  0.111188583      0.156853497      0.181341991      0.181341991      0.156853497      0.111188583       5.06146103E-02
   1.98550820E-02  0.101666570      0.237233818      0.408282757      0.591717243      0.762766182      0.898333430      0.980144918    
   2.53070891E-02  -9.10591893E-03   6.28079800E-03  -4.48299712E-03   3.07848002E-03  -1.91766524E-03   9.72752925E-04  -2.77507963E-04
   5.47591262E-02   5.55949137E-02  -1.36396652E-02   8.14964529E-03  -5.21531375E-03   3.13972519E-03  -1.56492181E-03   4.42800228E-04
   4.85872030E-02  0.120859280       7.84267560E-02  -1.59752965E-02   8.37186910E-03  -4.64353990E-03   2.22575339E-03  -6.18818798E-04
   5.18652424E-02  0.106192864      0.170671701       9.06700790E-02  -1.60206854E-02   7.24098925E-03  -3.19771003E-03   8.59210675E-04
   4.97549661E-02  0.114386983      0.149613217      0.197362095       9.06703770E-02  -1.38177117E-02   4.99700708E-03  -1.25125493E-03
   5.12331761E-02  0.108963162      0.161497429      0.172970250      0.197316229       7.84260109E-02  -9.66878794E-03   2.02668877E-03
   5.01717106E-02  0.112753540      0.153714150      0.186557069      0.173192665      0.170491681       5.55953570E-02  -4.14506020E-03
   5.08921035E-02  0.110215798      0.158771351      0.178263351      0.185825184      0.150572196      0.120295011       2.53073610E-02
