   2.02420023826578643534E-0002   4.60607499188642185619E-0002   6.94367551098936294492E-0002   8.90729903809728667792E-0002  0.103908023768444251000        0.113141590131448619363        0.116275776615436955100        0.113141590131448619363        0.103908023768444251000         8.90729903809728667792E-0002   6.94367551098936294492E-0002   4.60607499188642185619E-0002   2.02420023826578643534E-0002
   7.90847264070592385768E-0003   4.12008003885110184563E-0002   9.92109546333450436338E-0002  0.178825330279829889789        0.275753624481776573495        0.384770842022432603072        0.500000000000000000000        0.615229157977567396901        0.724246375518223426478        0.821174669720170110211        0.900789045366654956366        0.958799199611488981517        0.992091527359294076142      
   1.01210011913289660496E-0002  -3.77307158532572917768E-0003   2.78561575606280409953E-0003  -2.21827038404612623134E-0003   1.80306469115291839994E-0003  -1.46428618397597137509E-0003   1.17219434523376557863E-0003  -9.13582925476946484804E-0004   6.82707775014526749802E-0004  -4.77846825328056820374E-0004   2.99962625259445320572E-0004  -1.52576299212045260209E-0004   4.35604600183718556325E-0005
   2.19001283175295051769E-0002   2.30303749594321164892E-0002  -6.04331982544823966692E-0003   4.02367675567341423841E-0003  -3.04249472622634868825E-0003   2.38203498776764003320E-0003  -1.86724640081131605612E-0003   1.43647464828386087021E-0003  -1.06442244601130818842E-0003   7.40852231417186986049E-0004  -4.63345539787941412948E-0004   2.35139088196600629684E-0004  -6.70516615041579686694E-0005
   1.94299477196461954397E-0002   5.00695755432636028126E-0002   3.47183775549467934607E-0002  -7.86303206730867889925E-0003   4.85274615855355690032E-0003  -3.48400333660768008132E-0003   2.60906242967983078654E-0003  -1.95372076841096891193E-0003   1.42329508753345423964E-0003  -9.79733532987649455017E-0004   6.08355059029740755927E-0004  -3.07359452503456180986E-0004   8.74442385102882779110E-0005
   2.07461084445201115588E-0002   4.39800566806027616731E-0002   7.55663734121840711857E-0002   4.45364951904864310620E-0002  -9.22091684260184229851E-0003   5.35465088568775450585E-0003  -3.65522679985132155115E-0003   2.60442900234894758104E-0003  -1.84200989476170778288E-0003   1.24460812210767616059E-0003  -7.63750235756612515067E-0004   3.83103892798337663997E-0004  -1.08591577934743552077E-0004
   1.98907528982510293586E-0002   4.74094387268284064564E-0002   6.61938972977494423253E-0002   9.69774293976857981807E-0002   5.19540118842220958607E-0002  -1.00633070332503682150E-0002   5.53442491474951246707E-0003  -3.58522008285719803224E-0003   2.40894627535956548291E-0003  -1.57902463820694122889E-0003   9.51119931434865255281E-0004  -4.71841291130798981273E-0004   1.32996200941124311132E-0004
   2.05039757594727257009E-0002   4.50910064519209365730E-0002   7.15749421921594467403E-0002   8.48574338709379454357E-0002  0.113150057093106549486         5.65707950657242892950E-0002  -1.03514560922495289053E-0002   5.39400389969417632758E-0003  -3.29262769907881733670E-0003   2.05038906740336336127E-0003  -1.19902884864580136343E-0003   5.84799095209112224272E-0004  -1.63447833221850618968E-0004
   2.00379395811026258218E-0002   4.68004290851373944542E-0002   6.78786934544958897659E-0002   9.18730747240793505079E-0002   9.89622717612276713145E-0002  0.123214025135056200934         5.81378883077184351239E-0002  -1.00724350036075701159E-0002   4.94575200721656821695E-0003  -2.80008434310646882426E-0003   1.55806165539771417168E-0003  -7.39679166273147577766E-0004   2.04062801555263245865E-0004
   2.04054502158797318904E-0002   4.54759508236551317086E-0002   7.06357839585394093259E-0002   8.70226013135695155453E-0002  0.107200651467523058731        0.107747586231754453009        0.126627232707686473572         5.65707950657242671095E-0002  -9.24203332466230943539E-0003   4.21555651003493702461E-0003  -2.13818708226584420792E-0003   9.69743466943310234538E-0004  -2.61973376814827348964E-0004
   2.01090061817167508767E-0002   4.65325912099950377221E-0002   6.84856351784587481663E-0002   9.06520150191798166169E-0002  0.101499077493084678354        0.116726810214305825457        0.110741351700687433622        0.123204897164698997475         5.19540118842220696129E-0002  -7.90443901671291443792E-0003   3.24285781214416052472E-0003  -1.34868880796416211612E-0003   3.51249484406878992905E-0004
   2.03505939605926141787E-0002   4.56776460260658951747E-0002   7.02005053456502309706E-0002   8.78283822588651967478E-0002  0.105750033663205952860        0.110537161129099679001        0.119931003415288268327        0.107786939245760873695        0.113128940611046084340         4.45364951904863725557E-0002  -6.12961830229046130682E-0003   2.08069323826147682203E-0003  -5.04106061862192971548E-0004
   2.01545581441475793873E-0002   4.63681093713676825883E-0002   6.88284000508638834747E-0002   9.00527239139605181206E-0002  0.102484728680910795420        0.115095310899859589663        0.113666714185757123328        0.116625593468056299632         9.90552776098906939242E-0002   9.69360224482815510775E-0002   3.47183775549467410802E-0002  -4.00882562439936344042E-0003   8.12054663011730651679E-0004
   2.03090540441620233243E-0002   4.58256108306676223297E-0002   6.99001006496815667008E-0002   8.83321381495556838426E-0002  0.104972446214455553843        0.111705115483164765657        0.118143023016248261999        0.110759555143680991008        0.106950518494670583690         8.50493136252994766952E-0002   7.54800749353418356757E-0002   2.30303749594320442102E-0002  -1.65812593487156733350E-0003
   2.01984419226394930392E-0002   4.62133262180762634266E-0002   6.91367924846341857763E-0002   8.95508372063009204598E-0002  0.103225315993429728816        0.114055173056925559715        0.115103582270203197470        0.114605876315424580754        0.102104959077291344879         9.12912607650189776608E-0002   6.66511393538308476436E-0002   4.98338215041899034791E-0002   1.01210011913289282897E-0002
