          23
   6.7059296362885828E-003   1.5494002801418919E-002   2.4018835847786663E-002   3.2116210734677061E-002   3.9640705878419856E-002   4.6457883034936864E-002   5.2446045733072065E-002   5.7498320111278624E-002   6.1524542153365933E-002   6.4452861094041997E-002   6.6231019702348362E-002   6.6827286093053093E-002   6.6231019702348362E-002   6.4452861094041997E-002   6.1524542153365933E-002   5.7498320111278624E-002   5.2446045733072065E-002   4.6457883034936864E-002   3.9640705878419856E-002   3.2116210734677061E-002   2.4018835847786663E-002   1.5494002801418919E-002   6.7059296362885828E-003
   2.6153325012240325E-003   1.3728764390942394E-002   3.3514456586991814E-002   6.1623820864779466E-002   9.7555799190580272E-002  0.14066931843402486       0.19019506211817655       0.24524926107699652       0.30484948098485454       0.36793215951482766       0.43337158785076701       0.50000000000000000       0.56662841214923299       0.63206784048517228       0.69515051901514546       0.75475073892300348       0.80980493788182351       0.85933068156597514       0.90244420080941978       0.93837617913522053       0.96648554341300819       0.98627123560905761       0.99738466749877597     
   3.3529648702509390E-003  -1.2692438132018884E-003   9.6385261621503360E-004  -8.0069475448635307E-004   6.8992687751400124E-004  -6.0539928750785754E-004   5.3619573274405971E-004  -4.7685365507183256E-004   4.2432585003773776E-004  -3.7679023517190181E-004   3.3310860752543635E-004  -2.9255328261303473E-004   2.5465791385193833E-004  -2.1913126627054832E-004   1.8580538403231744E-004  -1.5460394236600295E-004   1.2552350698451001E-004  -9.8624210341873296E-005   7.4028992784942813E-005  -5.1933532671222959E-005   3.2634983849214500E-005  -1.6606613954601117E-005   4.7417579097314593E-006
   7.2552687236990526E-003   7.7470014643156067E-003  -2.0907175116071943E-003   1.4518636394261933E-003  -1.1634892510314289E-003   9.8392724457585967E-004  -8.5299302997431927E-004   7.4839939720663679E-004  -6.5993938238634775E-004   5.8228149696938798E-004  -5.1239247192196090E-004   4.4845016517876008E-004  -3.8932749900324212E-004   3.3432497625795538E-004  -2.8302278433481245E-004   2.3519556913588241E-004  -1.9076301476094067E-004   1.4976336589583476E-004  -1.1234477532684242E-004   7.8775672345761724E-005  -4.9485349000886226E-005   2.5175215890361149E-005  -7.1874768078903752E-006
   6.4368272670842558E-003   1.6842677092662708E-002   1.2009417919451747E-002  -2.8359189076845167E-003   1.8540530942015162E-003  -1.4369310745206249E-003   1.1891673753741609E-003  -1.0146240484609596E-003   8.7859719831052019E-004  -7.6559037680318340E-004   6.6769969567422971E-004  -5.8052465526784944E-004   5.0147252627550580E-004  -4.2896770091470728E-004   3.6204951380419123E-004  -3.0015443922966752E-004   2.4299392944377197E-004  -1.9048698508289388E-004   1.4272913378102014E-004  -9.9993317055683387E-005   6.2773688204790034E-005  -3.1921869272817845E-005   9.1115118785904921E-006
   6.8731164065721348E-003   1.4793572256262353E-002   2.6139742071220457E-002   1.6058105345957505E-002  -3.5196354382987130E-003   2.2044200965720558E-003  -1.6610819556886608E-003   1.3466824007818267E-003  -1.1301721166992126E-003   9.6460741852182302E-004  -8.2919530849927909E-004   7.1341790096785408E-004  -6.1146712163037567E-004   5.1994814484795969E-004  -4.3681473680292992E-004   3.6083180799653669E-004  -2.9128779731888137E-004   2.2783725857700616E-004  -1.7041999685992452E-004   1.1923610779014967E-004  -7.4782268365001028E-005   3.8004187739198249E-005  -1.0843826698481292E-005
   6.5892163214748287E-003   1.5948765428134365E-002   2.2895440190707664E-002   3.4967758147622305E-002   1.9820352913172828E-002  -4.1358866784648469E-003   2.5069933944426338E-003  -1.8443402504433801E-003   1.4669610056749481E-003  -1.2110535358294140E-003   1.0181263535402748E-003  -8.6235272329627177E-004   7.3071089044002497E-004  -6.1603483434777718E-004   5.1415243521354059E-004  -4.2256258208304103E-004   3.3977090332819543E-004  -2.6493873808370005E-004   1.9769818737775806E-004  -1.3807131722198411E-004   8.6481498114431837E-005  -4.3911182390756917E-005   1.2523319433937423E-005
   6.7933156251078998E-003   1.5165856881107595E-002   2.4761732632117003E-002   3.0592300982910811E-002   4.3169697236495871E-002   2.3228941491516334E-002  -4.6758219656418600E-003   2.7601342088330789E-003  -1.9882352753674056E-003   1.5532595634675825E-003  -1.2615251079410518E-003   1.0439872123955058E-003  -8.7020599180149768E-004   7.2485844118049556E-004  -5.9952918326572227E-004   4.8933444008153134E-004  -3.9136549627679312E-004   3.0391233475260643E-004  -2.2606192981709789E-004   1.5750328960526503E-004  -9.8482224460964650E-005   4.9947046336674381E-005  -1.4235840848141122E-005
   6.6373698786992988E-003   1.5746000524966067E-002   2.3474230141153681E-002   3.3133401947645059E-002   3.7745825403660567E-002   5.0599830949877661E-002   2.6223022815608111E-002  -5.1307437934721587E-003   2.9610247749801764E-003  -2.0924475880319199E-003   1.6066537017362438E-003  -1.2835280832308961E-003   1.0446919332903113E-003  -8.5562481628237994E-004   6.9897055811823222E-004  -5.6521650643781888E-004   4.4886603651841744E-004  -3.4668032722763386E-004   2.5681170565385389E-004  -1.7837493879747826E-004   1.1128448715025526E-004  -5.6356635681146943E-005   1.6049862373249425E-005
   6.7615442957120048E-003   1.5292332661191049E-002   2.4442675866567461E-002   3.1364008987283407E-002   4.0912237806453262E-002   4.4227731065626580E-002   5.7125960261071702E-002   2.8749160004276762E-002  -5.4930077546155136E-003   3.1069573873128190E-003  -2.1563066104249668E-003   1.6276074354956245E-003  -1.2782452431121766E-003   1.0219090963505505E-003  -8.2061940770277570E-004   6.5530724230105383E-004  -5.1555194771149939E-004   3.9537576209232854E-004  -2.9132467039272709E-004   2.0154589440917047E-004  -1.2538384140825596E-004   6.3377866213231487E-005  -1.8031190766061541E-005
   6.6596798428650390E-003   1.5660198445798724E-002   2.3675836448124488E-002   3.2706167893276017E-002   3.8695532334015563E-002   4.7959222146382159E-002   4.9921946636671370E-002   6.2631860437247264E-002   3.0762271004457650E-002  -5.7564112987964064E-003   3.1958203816692095E-003  -2.1793524355375833E-003   1.6165724646305310E-003  -1.2467086357703296E-003   9.7707138964287410E-004  -7.6691732400152514E-004   5.9583120253901931E-004  -4.5271131702826736E-004   3.3127212030535869E-004  -2.2802012912031316E-004   1.4134209790304041E-004  -7.1274903984875260E-005   2.0252045871964486E-005
   6.7451324020988759E-003   1.5354026651802674E-002   2.4304138792964090E-002   3.1635556556801052E-002   4.0385545084485476E-002   4.5338287256685234E-002   5.4148694773236174E-002   5.4726607154832747E-002   6.7019419553035753E-002   3.2226430462425716E-002  -5.9164063137151354E-003   3.2263173251344738E-003  -2.1615790655373310E-003   1.5742476106166605E-003  -1.1900663023876783E-003   9.1164387756234426E-004  -6.9623190690284444E-004   5.2248089453194111E-004  -3.7888241691086340E-004   2.5908491596459386E-004  -1.5985799005357025E-004   8.0369312739221472E-005  -2.2799280768461577E-005
   6.6722022120587901E-003   1.5613871370942547E-002   2.3776693004144690E-002   3.2518297383972106E-002   3.9031335122594456E-002   4.7342782367409277E-002   5.1173792429779513E-002   5.9370313142859003E-002   5.8555821656543362E-002   7.0210424785168410E-002   3.3115509752540843E-002  -5.9702260967769245E-003   3.1980735873484889E-003  -2.1035453765361855E-003   1.5016963544959522E-003  -1.1097059105645627E-003   8.2725528513368169E-004  -6.1040775447330413E-004   4.3734636363709941E-004  -2.9650769269868948E-004   1.8186019769438579E-004  -9.1078793990600045E-005   2.5784263740712489E-005
   6.7352865472534830E-003   1.5390029074597522E-002   2.4227486081640503E-002   3.1773352549277614E-002   4.0152237528045150E-002   4.5732110090661207E-002   5.3453358416544534E-002   5.6097923674750277E-002   6.3530963015435205E-002   6.1341177310447692E-002   7.2147976464605135E-002   3.3413642929433308E-002  -5.9169567566241246E-003   3.1116837804538826E-003  -2.0064208585936416E-003   1.4003964327049074E-003  -1.0073126801118449E-003   7.2577293449194505E-004  -5.1153163277661948E-004   3.4285814727379079E-004  -2.0865019731140084E-004   1.0397381899858129E-004  -2.9356897035702705E-005
   6.6801453831455779E-003   1.5585081671704158E-002   2.3836975690686688E-002   3.2412718388952357E-002   3.9203359531740353E-002   4.7068290780072804E-002   5.1618790451116441E-002   5.8608026017984712E-002   6.0022845802660985E-002   6.6556406466540985E-002   6.3032946120034447E-002   7.2797512186371552E-002   3.3115509721493158E-002  -5.7575636883851278E-003   2.9687204978073979E-003  -1.8719930333857473E-003   1.2722533048298075E-003  -8.8489934044136398E-004   6.0937077014616117E-004  -4.0208668449696666E-004   2.4214287367501882E-004  -1.1986846160842840E-004   3.3727442654866752E-005
   6.7287289251110171E-003   1.5413633550190401E-002   2.4178693879024594E-002   3.1857125783422882E-002   4.0019588309179899E-002   4.5935402134670851E-002   5.3142277639750782E-002   5.6586676233507258E-002   6.2714608455391438E-002   6.2878613484409415E-002   6.8392598765988410E-002   6.3600968772150060E-002   7.2147426012077034E-002   3.2226430400454677E-002  -5.4948773910514425E-003   2.7717129526280632E-003  -1.7026490385151280E-003   1.1195957714682330E-003  -7.4483919436495064E-004   4.8065414626239272E-004  -2.8530292228755462E-004   1.3997627154438777E-004  -3.9202741330915608E-005
   6.6856775966118659E-003   1.5565277753329890E-002   2.3877493789401610E-002   3.2344230832670531E-002   3.9309433769163175E-002   4.6910594348283582E-002   5.1850214529638297E-002   5.8265237434903042E-002   6.0547470764386400E-002   6.5699569728731616E-002   6.4614447239383366E-002   6.9006638525953359E-002   6.3035199326715072E-002   7.0209272385919327E-002   3.0762270916408943E-002  -5.1335403124331139E-003   2.5240990879304933E-003  -1.5013391104126148E-003   9.4517354913048381E-004  -5.8995718373958843E-004   3.4299941413086754E-004  -1.6619551036950754E-004   4.6249825424733606E-005
   6.7239608316316630E-003   1.5430624971964606E-002   2.4144219723567083E-002   3.1914664816304117E-002   3.9932030554146562E-002   4.6062507274521075E-002   5.2961597675027887E-002   5.6843012873975453E-002   6.2345161555573174E-002   6.3430952003852806E-002   6.7509264938387714E-002   6.5199678665868621E-002   6.8387326302746368E-002   6.1345903722343519E-002   6.7017549888958555E-002   2.8749159882605548E-002  -4.6799145202650848E-003   2.2301519643252179E-003  -1.2715319215874359E-003   7.5220172308208171E-004  -4.2384000849946717E-004   2.0167028144442895E-004  -5.5614617874584877E-005
   6.6898797773711233E-003   1.5550359463842157E-002   2.3907551389809368E-002   3.2294585654541449E-002   3.9383894176331508E-002   4.6804563363683202E-002   5.1997179692856450E-002   5.8063536619679876E-002   6.0825571593868678E-002   6.5308485911138706E-002   6.5186327768827712E-002   6.8110814175807138E-002   6.4624366002061423E-002   6.6545308679487145E-002   5.8563517387647417E-002   6.2629063890322759E-002   2.6223022681005785E-002  -4.1419478938057855E-003   1.8948804674139147E-003  -1.0171912283583782E-003   5.4460570966479403E-004  -2.5199757652303445E-004   6.8559809379851490E-005
   6.7201654794227369E-003   1.5444055774534577E-002   2.4117318093690335E-002   3.1958707433661679E-002   3.9866767806677791E-002   4.6153970706339587E-002   5.2837411220974809E-002   5.7008985679055157E-002   6.2124071328055697E-002   6.3728002662393216E-002   6.7101225683401405E-002   6.5783298892904504E-002   6.7492544796176640E-002   6.2899601547121473E-002   6.3512777410001262E-002   5.4738185931130494E-002   5.7121867658990237E-002   2.3228941322044540E-002  -3.5289913366605410E-003   1.5239097234952114E-003  -7.4289677562040639E-004   3.2814606469626519E-004  -8.7385924651336758E-005
   6.6934063185655817E-003   1.5537913996148995E-002   2.3932354366286653E-002   3.2254282042577104E-002   3.9443007691838311E-002   4.6722821774265177E-002   5.2106274828407628E-002   5.7920882692827573E-002   6.1010389719693213E-002   6.5068895925840517E-002   6.5500308815514233E-002   6.7689638811548977E-002   6.5212893355053980E-002   6.5663914621742633E-002   6.0057581158683773E-002   5.9342660349108463E-002   4.9939052362019946E-002   5.0593769669939531E-002   1.9820352747369589E-002  -2.8515474082621826E-003   1.1233956522808740E-003  -4.5476247866299758E-004   1.1671338901887575E-004
   6.7167734637629747E-003   1.5455998622192888E-002   2.4093618124935209E-002   3.1996974624424405E-002   3.9811125870867436E-002   4.6230045783414310E-002   5.2737333521836245E-002   5.7137488312328462E-002   6.1961356879803205E-002   6.3932912961108868E-002   6.6842486810261351E-002   6.6113868207888629E-002   6.7060214992589573E-002   6.3488253696775465E-002   6.2654714244938112E-002   5.6151637742038969E-002   5.4107127651730903E-002   4.4253462987797941E-002   4.3160341245863577E-002   1.6058105163019545E-002  -2.1209061900575735E-003   7.0043067577418242E-004  -1.6718668191735835E-004
   6.6968181251026758E-003   1.5525924674231540E-002   2.3956062166372860E-002   3.2216204047464600E-002   3.9497976746444154E-002   4.6648370018081232E-002   5.2203051806505543E-002   5.7798474546014375E-002   6.1162492645354762E-002   6.4881828787797746E-002   6.5729547184689138E-002   6.7407810738107615E-002   6.5563320018686727E-002   6.5218451456729748E-002   6.0645944971777103E-002   5.8512944139682277E-002   5.1256878385424746E-002   4.7894814068608647E-002   3.7786652857416239E-002   3.4952129499788015E-002   1.2009417768800684E-002  -1.3486741371880257E-003   2.6910246057652772E-004
   6.7131171131686040E-003   1.5468827587680688E-002   2.4068321198150378E-002   3.2037435062921116E-002   3.9753050651160443E-002   4.6308119672635331E-002   5.2636808743460425E-002   5.7263124547128612E-002   6.1807564931857871E-002   6.4118536124562225E-002   6.6620347193561524E-002   6.6378835936747649E-002   6.6743412164244537E-002   6.3870579608316089E-002   6.2184481523247875E-002   5.6749920727849963E-002   5.3299038749013768E-002   4.5473955804436673E-002   4.0804195115380741E-002   3.0664347127148890E-002   2.6109553211423431E-002   7.7470013457022081E-003  -5.4933897621746376E-004
   6.7011878785132846E-003   1.5510609415356721E-002   2.3986200865031643E-002   3.2168144266140682E-002   3.9566676887025413E-002   4.6556507243448876E-002   5.2320522228460085E-002   5.7652924050642998E-002   6.1338736772971643E-002   6.4671992355997548E-002   6.5976361793531502E-002   6.7119839369861753E-002   6.5897911101454917E-002   6.4829651321681447E-002   6.1100216311858940E-002   5.7975173756683068E-002   5.1909850011487270E-002   4.7063282309588395E-002   3.8950779015523289E-002   3.2916905475665247E-002   2.3054983236611811E-002   1.6763246565832675E-002   3.3529648149108345E-003
