   2.0242002382611621E-002   4.6060749918854491E-002   6.9436755109859333E-002   8.9072990380970996E-002  0.10390802376844532       0.11314159013144832       0.11627577661543695       0.11314159013144832       0.10390802376844532        8.9072990380970996E-002   6.9436755109859333E-002   4.6060749918854491E-002   2.0242002382611621E-002
   7.9084726407074868E-003   4.1200800388513426E-002   9.9210954633340287E-002  0.17882533027983005       0.27575362448177670       0.38477084202243239       0.50000000000000000       0.61522915797756761       0.72424637551822335       0.82117466972016995       0.90078904536665971       0.95879919961148663       0.99209152735929251     
   1.0121001191329597E-002  -3.7730715853268332E-003   2.7856157560635563E-003  -2.2182703840464531E-003   1.8030646911532280E-003  -1.4642861839762272E-003   1.1721943452339667E-003  -9.1358292547710405E-004   6.8270777501464302E-004  -4.7784682532812630E-004   2.9996262525950750E-004  -1.5257629921209648E-004   4.3560460018383103E-005
   2.1900128317526642E-002   2.3030374959430906E-002  -6.0433198254493808E-003   4.0236767556736767E-003  -3.0424947262266524E-003   2.3820349877678973E-003  -1.8672464008115184E-003   1.4364746482840214E-003  -1.0644224460114266E-003   7.4085223141725142E-004  -4.6334553978801061E-004   2.3513908819666610E-004  -6.7051661504171459E-005
   1.9429947719638317E-002   5.0069575543263675E-002   3.4718377554927404E-002  -7.8630320673017829E-003   4.8527461585490062E-003  -3.4840033366042612E-003   2.6090624296771872E-003  -1.9537207684089575E-003   1.4232950875319684E-003  -9.7973353298659539E-004   6.0835505902912034E-004  -3.0735945250318162E-004   8.7444238510203231E-005
   2.0746108444506587E-002   4.3980056680599990E-002   7.5566373412176924E-002   4.4536495190479877E-002  -9.2209168426063710E-003   5.3546508856913266E-003  -3.6552267998540954E-003   2.6044290023510787E-003  -1.8420098947632807E-003   1.2446081221087382E-003  -7.6375023575732360E-004   3.8310389279874789E-004  -1.0859157793485200E-004
   1.9890752898232496E-002   4.7409438726822004E-002   6.6193897297744095E-002   9.6977429397691994E-002   5.1954011884191423E-002  -1.0063307033242840E-002   5.5344249147442296E-003  -3.5852200828533297E-003   2.4089462753567638E-003  -1.5790246382049805E-003   9.5111993143370669E-004  -4.7184129113027649E-004   1.3299620094096517E-004
   2.0503975759449268E-002   4.5091006451912150E-002   7.1574942192148133E-002   8.4857433870953028E-002  0.11315005709309083        5.6570795065698107E-002  -1.0351456092250612E-002   5.3940038996959077E-003  -3.2926276990803399E-003   2.0503890674044584E-003  -1.1990288486465888E-003   5.8479909520959682E-004  -1.6344783322197676E-004
   2.0037939581074662E-002   4.6800429085126917E-002   6.7878693454479611E-002   9.1873074724093659E-002   9.8962271761220091E-002  0.12321402513505283        5.8137888307672254E-002  -1.0072435003597726E-002   4.9457520072103628E-003  -2.8000843431023768E-003   1.5580616553953384E-003  -7.3967916627206592E-004   2.0406280155494115E-004
   2.0405450215846811E-002   4.5475950823646132E-002   7.0635783958513124E-002   8.7022601313589992E-002  0.10720065146750740       0.10774758623176919       0.12662723270766130        5.6570795065684430E-002  -9.2420333246606094E-003   4.2155565100347667E-003  -2.1381870822661255E-003   9.6974346694365216E-004  -2.6197337681490960E-004
   2.0109006181679757E-002   4.6532591209986311E-002   6.8485635178428164E-002   9.0652015019195481E-002  0.10149907749307624       0.11672681021430929       0.11074135170068922       0.12320489716467604        5.1954011884171446E-002  -7.9044390167053447E-003   3.2428578121405536E-003  -1.3486888079627106E-003   3.5124948440645162E-004
   2.0350593960551874E-002   4.5677646026058172E-002   7.0200505345614991E-002   8.7828382258878887E-002  0.10575003366319731       0.11053716112910635       0.11993100341528179       0.10778693924576913       0.11312894061100799        4.4536495190442192E-002  -6.1296183022880963E-003   2.0806932382612209E-003  -5.0410606186210793E-004
   2.0154558144104197E-002   4.6368109371359635E-002   6.8828400050828020E-002   9.0052723913968041E-002  0.10248472868090634       0.11509531089986316       0.11366671418575340       0.11662559346806108        9.9055277609883044E-002   9.6936022448246936E-002   3.4718377554908551E-002  -4.0088256243989255E-003   8.1205466301160340E-004
   2.0309054044116835E-002   4.5825610830658940E-002   6.9900100649645719E-002   8.8332138149558939E-002  0.10497244621445308       0.11170511548316774       0.11814302301624474       0.11075955514368470       0.10695051849466831        8.5049313625287101E-002   7.5480074935306979E-002   2.3030374959386993E-002  -1.6581259348687760E-003
   2.0198441922593673E-002   4.6213326218065925E-002   6.9136792484601195E-002   8.9550837206297307E-002  0.10322531599343407       0.11405517305692064       0.11510358227020925       0.11460587631541641       0.10210495907730281        9.1291260765001728E-002   6.6651139353813268E-002   4.9833821504153969E-002   1.0121001191300820E-002
