          19
   9.7308941059159968E-003   2.2407113379410381E-002   3.4522271362072351E-002   4.5745010810246504E-002   5.5783322773750310E-002   6.4376981269596734E-002   7.1303351086802580E-002   7.6383021032929779E-002   7.9484421696976934E-002   8.0527224924391849E-002   7.9484421696976934E-002   7.6383021032929779E-002   7.1303351086802580E-002   6.4376981269596734E-002   5.5783322773750310E-002   4.5745010810246504E-002   3.4522271362072351E-002   2.2407113379410381E-002   9.7308941059159968E-003
   3.7965780782079905E-003   1.9895923932584769E-002   4.8422048192590661E-002   8.8642671731428702E-002  0.13951691133238514       0.19972734766915912       0.26771462931201956       0.34171795001818506       0.41982067717988708       0.50000000000000000       0.58017932282011286       0.65828204998181494       0.73228537068798039       0.80027265233084088       0.86048308866761491       0.91135732826857130       0.95157795180740934       0.98010407606741523       0.99620342192179201     
   4.8654470572340605E-003  -1.8355448066686229E-003   1.3852912568088130E-003  -1.1403127184608434E-003   9.7050599941426313E-004  -8.3818158603324040E-004   7.2774286207365408E-004  -6.3150173627317928E-004   5.4527491887456465E-004  -4.6666081829849660E-004   3.9425802613064044E-004  -3.2727333413875176E-004   2.6531194199745932E-004  -2.0826286608465738E-004   1.5624157193984084E-004  -1.0957664668061877E-004   6.8848500621135328E-005  -3.5032306405680545E-005   1.0002762005010076E-005
   1.0528029017462239E-002   1.1203556691372848E-002  -3.0049355335187797E-003   2.0677725302004676E-003  -1.6367854389125892E-003   1.3624216629152443E-003  -1.1579097400565741E-003   9.9134381984443865E-004  -8.4830760515444681E-004   7.2144867071068054E-004  -6.0675310594581248E-004   5.0197896402975114E-004  -4.0591946951360294E-004   3.1803195796219962E-004  -2.3825109088638940E-004   1.6691528971759584E-004  -1.0479577277254423E-004   5.3296809474792974E-005  -1.5213725144667330E-005
   9.3404179946409826E-003   2.4357504494267383E-002   1.7261135682924235E-002  -4.0392149673036913E-003   2.6085760062706589E-003  -1.9900743792315980E-003   1.6147209938765319E-003  -1.3445286232298477E-003   1.1299807995576879E-003  -9.4922469037377868E-004   7.9135320427032533E-004  -6.5052655719827505E-004   5.2354433376382260E-004  -4.0872806384069100E-004   3.0537739718797941E-004  -2.1352056944907253E-004   1.3386761642040503E-004  -6.8019011168263445E-005   1.9406529259050343E-005
   9.9734618183813638E-003   2.1394263835520341E-002   3.7570535490517740E-002   2.2872505404339352E-002  -4.9525824710167634E-003   3.0537134413102206E-003  -2.2563443193541056E-003   1.7855064530047271E-003  -1.4545955464848261E-003   1.1971259049988426E-003  -9.8396616510908804E-004   8.0068134308712666E-004  -6.3960348165906938E-004   4.9657863325953640E-004  -3.6948989773184521E-004   2.5756797970284798E-004  -1.6113702704171059E-004   8.1759513352230937E-005  -2.3309181212094904E-005
   9.5615981529083276E-003   2.3064579362229335E-002   3.2907918470150829E-002   4.9806366919432923E-002   2.7891661383603623E-002  -5.7305092201454045E-003   3.4067225461973617E-003  -2.4468200402717475E-003   1.8897084834302907E-003  -1.5047539779172103E-003   1.2100284364138718E-003  -9.6974067767782485E-004   7.6622040757589769E-004  -5.9014069781029963E-004   4.3653037902415437E-004  -3.0299950809134534E-004   1.8898697408922663E-004  -9.5700989828123283E-005   2.7254923462017003E-005
   9.8575893381195791E-003   2.1932907602104978E-002   3.5589452314323297E-002   4.3575102381525593E-002   6.0748868519442618E-002   3.2188490631216565E-002  -6.3560093253645887E-003   3.6639929954918392E-003  -2.5636106950471570E-003   1.9325262715855220E-003  -1.5020011121232250E-003   1.1767445392145892E-003  -9.1521422210164461E-004   6.9697909672916420E-004  -5.1136304293443165E-004   3.5285896444902320E-004  -2.1918115546477128E-004   1.1069450602727012E-004  -3.1479946065135650E-005
   9.6315777580787843E-003   2.2770987091312717E-002   3.3740487125460149E-002   4.7192579455942039E-002   5.3118114188952716E-002   7.0115571210248029E-002   3.5651675537795607E-002  -6.8142617029689186E-003   3.8213568687505005E-003  -2.6069849141389539E-003   1.9166751092478615E-003  -1.4505652863198014E-003   1.1024982927906100E-003  -8.2631079634008949E-004   5.9944335939303721E-004  -4.1034071648438515E-004   2.5347952499155628E-004  -1.2756039423256703E-004   3.6207588777203066E-005
   9.8113449278081580E-003   2.2116300671254984E-002   3.5129948065927522E-002   4.4675689241844271E-002   5.7570261155921426E-002   6.1288902202079824E-002   7.7664446628520886E-002   3.8191510510233333E-002  -7.0940825398418620E-003   3.8760044900278917E-003  -2.5775351056554004E-003   1.8446196603625930E-003  -1.3540989150161054E-003   9.9178142122943497E-004  -7.0821180559237583E-004   4.7951987491992023E-004  -2.9401369626667987E-004   1.4725654222587354E-004  -4.1693325537485574E-005
   9.6641387326629573E-003   2.2646256149833874E-002   3.4031489614543393E-002   4.6582162137728304E-002   5.4457097884575333E-002   6.6453331756992043E-002   6.7875313936012302E-002   8.3200299742910169E-002   3.9742210840019096E-002  -7.1885831085163323E-003   3.8271945655035285E-003  -2.4769623271834471E-003   1.7193980317700476E-003  -1.2165188519401111E-003   8.4921554923659799E-004  -5.6629389608103830E-004   3.4370647078308839E-004  -1.7104717307265386E-004   4.8267107230986024E-005
   9.7872853107047811E-003   2.2206366587429794E-002   3.4929206938746536E-002   4.5064960835690109E-002   5.6825705357122412E-002   6.2832035351052473E-002   7.3611722705406057E-002   7.2706488870628860E-002   8.6579914825346632E-002   4.0263612453391995E-002  -7.0954931302565248E-003   3.6765321635198844E-003  -2.3083716197639360E-003   1.5449459198134080E-003  -1.0423825847592938E-003   6.8004997701467701E-004  -4.0693557227349837E-004   2.0074679312732919E-004  -5.6391202044363068E-005
   9.6826270009369077E-003   2.2578160553323744E-002   3.4178564894760663E-002   4.6311304708956044E-002   5.4934107223082708E-002   6.5593500122729118E-002   6.9583953054085101E-002   7.8859983360877392E-002   7.5657227131003507E-002   8.7715808032061027E-002   3.9742210837525695E-002  -6.8172787091203080E-003   3.4280371497036853E-003  -2.0763504862342801E-003   1.3262248879758107E-003  -8.3715132532378458E-004   4.9078175275180656E-004  -2.3914276882089323E-004   6.6755376512859661E-005
   9.7725874332224745E-003   2.2259856837896403E-002   3.4816285060767990E-002   4.5265490938148710E-002   5.6491534577681100E-002   6.3385199849848847E-002   7.2657450000462379E-002   7.4538401373939342E-002   8.2061956801149777E-002   7.6651220436174089E-002   8.6578504233036660E-002   3.8191510505441173E-002  -6.3610955419621546E-003   3.0880790679820385E-003  -1.7869383827971846E-003   1.0693215700357714E-003  -6.0767669791195449E-004   2.9081271030278512E-004  -8.0450818069512743E-005
   9.6946865184951957E-003   2.2534673774179594E-002   3.4268791838804546E-002   4.6155351529175694E-002   5.5183879413126573E-002   6.5203292066862192E-002   7.0200852793358900E-002   7.7833586319704551E-002   7.7567746587499375E-002   8.3134209838448797E-002   7.5663064828871834E-002   8.3197282732275224E-002   3.5651675531077474E-002  -5.7385899389902524E-003   2.6652085835642972E-003  -1.4475686437987231E-003   7.8178424259009091E-004  -3.6387370892796697E-004   9.9316352221483475E-005
   9.7623740529382066E-003   2.2296418873900815E-002   3.4741452518461204E-002   4.5392151848122300E-002   5.6294685815327213E-002   6.3680002174085787E-002   7.2218565307759219E-002   7.5206276494891408E-002   8.0986422807847694E-002   7.8594698654202128E-002   8.2048032390349995E-002   7.2719028039697389E-002   7.7659360405796463E-002   3.2188490622849134E-002  -4.9655457451198834E-003   2.1699084296624193E-003  -1.0671809457554805E-003   4.7420578073267545E-004  -1.2669522708278603E-004
   9.7036391831162253E-003   2.2502814369579155E-002   3.4333284388603870E-002   4.6048010319927536E-002   5.5346792394008457E-002   6.4967121967905564E-002   7.0537130678911875E-002   7.7352761710790641E-002   7.8274393260521130E-002   8.2031978902187816E-002   7.7594713213880007E-002   7.8829841072520154E-002   6.7896628541889326E-002   7.0107490482857887E-002   2.7891661374969158E-002  -4.0613561064353643E-003   1.6143528975235916E-003  -6.5746597854977721E-004   1.6929595881181510E-004
   9.7542032875170877E-003   2.2325353866364153E-002   3.4683408389302180E-002   4.5487442831835943E-002   5.6152812670714924E-002   6.3880402637059658E-002   7.1942954567743231E-002   7.5582339690609165E-002   8.0468387861255403E-002   7.9330099020307493E-002   8.0939017242436795E-002   7.4597514581100893E-002   7.3559695404691525E-002   6.1323267830145016E-002   6.0735905235170189E-002   2.2872505394927366E-002  -3.0482641213764837E-003   1.0128495477860916E-003  -2.4256770566062486E-004
   9.7114875768724157E-003   2.2475132390726200E-002   3.4388403745782677E-002   4.5958531380333456E-002   5.5477945376280716E-002   6.4785709333643499E-002   7.0779806752890570E-002   7.7033547590241128E-002   7.8693068492628138E-002   8.1476449614810487E-002   7.8354440897406327E-002   7.7727549656145339E-002   6.9688630092930734E-002   6.6367055648858170E-002   5.3174746766647706E-002   4.9784225769224068E-002   1.7261135675099609E-002  -1.9503911101147030E-003   3.9047611874443275E-004
   9.7461078311409186E-003   2.2353816570022542E-002   3.4627067134844168E-002   4.5578095520870159E-002   5.6021573864419603E-002   6.4058949311853353E-002   7.1709270556085336E-002   7.5881042069155039E-002   8.0091174802641260E-002   7.9805776253991559E-002   8.0332729301790015E-002   7.5391677213459116E-002   7.2461260826448090E-002   6.3014559607100437E-002   5.7420108212277783E-002   4.3677238277933114E-002   3.7527206893185054E-002   1.1203556683599899E-002  -7.9713490280741998E-004
   9.7208913439466877E-003   2.2442145685760966E-002   3.4453422861591719E-002   4.5854587456767446E-002   5.5627081202090867E-002   6.4585244135293748E-002   7.1038039145308582E-002   7.6710294366440945E-002   7.9090163671608649E-002   8.0993885741781346E-002   7.8939146779172201E-002   7.7014522767953716E-002   7.0575608226183292E-002   6.5215162853923786E-002   5.4812816776377463E-002   4.6885323525886341E-002   3.3136980107930911E-002   2.4242658181415199E-002   4.8654470523056175E-003
