          13
   2.02420023826579397600107961004883140E-0002   4.60607499188642239572108879769786093E-0002   6.94367551098936192318008884344480820E-0002   8.90729903809728691400233459980532856E-0002  0.103908023768444251156261609653025025        0.113141590131448619206045093019888702        0.116275776615436955097294757634417975        0.113141590131448619206045093019888702        0.103908023768444251156261609653025025         8.90729903809728691400233459980532856E-0002   6.94367551098936192318008884344480820E-0002   4.60607499188642239572108879769786093E-0002   2.02420023826579397600107961004883140E-0002
   7.90847264070592526358527559644541606E-0003   4.12008003885110173967260817496447359E-0002   9.92109546333450436028967552085692273E-0002  0.178825330279829889678007696502242615        0.275753624481776573561043573936180178        0.384770842022432602967235939451005863        0.500000000000000000000000000000000000        0.615229157977567397032764060548994137        0.724246375518223426438956426063819773        0.821174669720170110321992303497757385        0.900789045366654956397103244791430773        0.958799199611488982603273918250355312        0.992091527359294074736414724403554632      
   1.01210011913289698800053980502485881E-0002  -3.77307158532573117639653956478813248E-0003   2.78561575606280540506391769715133989E-0003  -2.21827038404612727470909369006512830E-0003   1.80306469115291924767648064980114744E-0003  -1.46428618397597206373219195398773622E-0003   1.17219434523376612789533432940806432E-0003  -9.13582925476946914279833786076865527E-0004   6.82707775014527070994806526617498518E-0004  -4.77846825328057044954904151545362929E-0004   2.99962625259445461030372797434986084E-0004  -1.52576299212045336495614490534083237E-0004   4.35604600183718814871431827825395857E-0005
   2.19001283175295116522258243792246143E-0002   2.30303749594321119786054439884558175E-0002  -6.04331982544823445948205359739289822E-0003   4.02367675567341024867616113409492549E-0003  -3.04249472622634548710370846496874023E-0003   2.38203498776763745077474812162604245E-0003  -1.86724640081131399249109864113954856E-0003   1.43647464828385926714290321692640521E-0003  -1.06442244601130699290888262870223491E-0003   7.40852231417186149520785772376558038E-0004  -4.63345539787940887382989363911071277E-0004   2.35139088196600369947814289646088693E-0004  -6.70516615041579007988664565837211007E-0005
   1.94299477196462080138986265725973635E-0002   5.00695755432635923426235131209137664E-0002   3.47183775549468096159004442172208993E-0002  -7.86303206730868570634754109820510221E-0003   4.85274615855356234460137723833963894E-0003  -3.48400333660768447587493382715981109E-0003   2.60906242967983428705086502545593933E-0003  -1.95372076841097163727673691924637065E-0003   1.42329508753345627404375086579531132E-0003  -9.79733532987650877168571875648636582E-0004   6.08355059029741647181307412082483794E-0004  -3.07359452503456643979932083819993970E-0004   8.74442385102884182445865602617857647E-0005
   2.07461084445201329864662811434438539E-0002   4.39800566806027462386107262155225525E-0002   7.55663734121840834838611362789948903E-0002   4.45364951904864345700116729990470155E-0002  -9.22091684260183471157923038804140360E-0003   5.35465088568774835817836341051967635E-0003  -3.65522679985131663224119457647567039E-0003   2.60442900234894375524301082650771555E-0003  -1.84200989476170492739286362165254340E-0003   1.24460812210767416235581390797973893E-0003  -7.63750235756611259863351602997088804E-0004   3.83103892798337037853784379416432426E-0004  -1.08591577934743383496452469990028440E-0004
   1.98907528982510605465179672082109092E-0002   4.74094387268283867543203296583036489E-0002   6.61938972977494572894970911918032696E-0002   9.69774293976857866965958632022956277E-0002   5.19540118842221255781308048265294789E-0002  -1.00633070332503760077136218506600440E-0002   5.53442491474951858506263543603071593E-0003  -3.58522008285720277410984531537719787E-0003   2.40894627535956901766224577323491853E-0003  -1.57902463820694369584986417058798114E-0003   9.51119931434866800772660663682938041E-0004  -4.71841291130799781952598265558309071E-0004   1.32996200941124552109905578322339884E-0004
   2.05039757594727670060681545998599752E-0002   4.50910064519209141654412218525219033E-0002   7.15749421921594625399608006277034390E-0002   8.48574338709379334336662073674590071E-0002  0.113150057093106559270427818381427564         5.65707950657243096030225465099857165E-0002  -1.03514560922495229752504808065876823E-0002   5.39400389969417161174279062739705477E-0003  -3.29262769907881380106091466035589735E-0003   2.05038906740336088057757139498218761E-0003  -1.19902884864579980320098025955490740E-0003   5.84799095209111448818836774844234589E-0004  -1.63447833221850412977632958606651842E-0004
   2.00379395811026762773049698442968911E-0002   4.68004290851373722985012660116471064E-0002   6.78786934544959035977382705879336691E-0002   9.18730747240793403196288054251225754E-0002   9.89622717612276794983509717814228441E-0002  0.123214025135056194245784393996832881         5.81378883077184775486473788172416141E-0002  -1.00724350036075750397393009769231347E-0002   4.94575200721657165791063787158570326E-0003  -2.80008434310647117960545942705388759E-0003   1.55806165539771563406261784647939237E-0003  -7.39679166273148341290378034703660765E-0004   2.04062801555263482705826256209036875E-0004
   2.04054502158797901729884290591085095E-0002   4.54759508236551125083920512021116859E-0002   7.06357839585394190350018686939709035E-0002   8.70226013135695082594457746030840104E-0002  0.107200651467523064957322524313368829        0.107747586231754447594302302392501576        0.126627232707686478072545238441006249         5.65707950657243096030225465099963754E-0002  -9.24203332466230811416620872841823845E-0003   4.21555651003493570635713863060895542E-0003  -2.13818708226584330815991219328889374E-0003   9.69743466943309791769666124407005895E-0004  -2.61973376814827246057358499350788499E-0004
   2.01090061817168152079008905221750524E-0002   4.65325912099950237391634862425251065E-0002   6.84856351784587524310282277707363770E-0002   9.06520150191798128358732101686555311E-0002  0.101499077493084682138599363879774186        0.116726810214305821980154938335283819        0.110741351700687436512232122198365667        0.123204897164698995213758714870588413         5.19540118842221255781308048265577540E-0002  -7.90443901671291755657251720424027169E-0003   3.24285781214416194230379724262086272E-0003  -1.34868880796416279710944168139102415E-0003   3.51249484406879213492828892300221508E-0004
   2.03505939605926831435072485704842437E-0002   4.56776460260658869193571035975553768E-0002   7.02005053456502304916642400374268921E-0002   8.78283822588651949776675320900795887E-0002  0.105750033663205956083654473274672382        0.110537161129099675450802082193384261        0.119931003415288271729535952210893730        0.107786939245760870847866729609362506        0.113128940611046085867840840041105101         4.45364951904864345700116729990707948E-0002  -6.12961830229046425206024784457659031E-0003   2.08069323826147771860016176138384270E-0003  -5.04106061862193226455485042935179907E-0004
   2.01545581441476513417662095402292513E-0002   4.63681093713676806011908200607970431E-0002   6.88284000508638775846195810223519672E-0002   9.00527239139605200171919178737098323E-0002  0.102484728680910794882217858787220203        0.115095310899859590843321829939145909        0.113666714185757120810243892608949934        0.116625593468056303681920026847062540         9.90552776098906888116602324146676648E-0002   9.69360224482815548463708870963222580E-0002   3.47183775549468096159004442172514975E-0002  -4.00882562439936838541262514402313978E-0003   8.12054663011731746112169527909848780E-0004
   2.03090540441620976608096625570733655E-0002   4.58256108306676235872630736873312605E-0002   6.99001006496815601191838777983550578E-0002   8.83321381495556829905025602256772009E-0002  0.104972446214455558149170492281727426        0.111705115483164759938902189802961055        0.118143023016248269089785856275560290        0.110759555143680981755270344898257931        0.106950518494670596643365318118001069         8.50493136252994588913471848639505849E-0002   7.54800749353418536912829420319049647E-0002   2.30303749594321119786054439884558356E-0002  -1.65812593487157189221502827872618861E-0003
   2.01984419226395678785236529177061592E-0002   4.62133262180762692937065024675119646E-0002   6.91367924846341737707705156370132665E-0002   8.95508372063009261849782501495972137E-0002  0.103225315993429724085266803126409820        0.114055173056925566120324926805962179        0.115103582270203188969399423305014529        0.114605876315424591269777284973870334        0.102104959077291331908585129003231886         9.12912607650189964147324396881078823E-0002   6.66511393538308138267369707373178826E-0002   4.98338215041899551336074275417510349E-0002   1.01210011913289698800053980502409943E-0002
