   2.78322995E-02   6.27722293E-02   9.31430161E-02  0.116597176      0.131402299      0.136462539      0.131402299      0.116597176       9.31430161E-02   6.27722293E-02   2.78322995E-02
   1.08855963E-02   5.64675033E-02  0.134923697      0.240452051      0.365228444      0.500000000      0.634771585      0.759547949      0.865076303      0.943532467      0.989114404    
   1.39164515E-02  -5.14290016E-03   3.73522937E-03  -2.90010311E-03   2.27253721E-03  -1.75224419E-03   1.30237185E-03  -9.09194001E-04   5.70077449E-04  -2.89847958E-04   8.27438562E-05
   3.01121604E-02   3.13933045E-02  -8.10534135E-03   5.26274461E-03  -3.83742736E-03   2.85355258E-03  -2.07783980E-03   1.43267843E-03  -8.91460339E-04   4.51185799E-04  -1.28503525E-04
   2.67141033E-02   6.82540983E-02   4.65705656E-02  -1.02897417E-02   6.12687878E-03  -4.18069214E-03   2.91077769E-03  -1.95580628E-03   1.19824742E-03  -6.00968488E-04   1.70383704E-04
   2.85216719E-02   5.99543825E-02  0.101366572       5.82924187E-02  -1.16523355E-02   6.43747253E-03  -4.09100624E-03   2.62017152E-03  -1.56208244E-03   7.71392195E-04  -2.17033288E-04
   2.73476169E-02   6.46184906E-02   8.88065398E-02  0.126934052       6.56949878E-02  -1.21240793E-02   6.21952908E-03  -3.63086606E-03   2.06338731E-03  -9.92974034E-04   2.75935046E-04
   2.81867906E-02   6.14683330E-02   9.60027054E-02  0.111094303      0.143075779       6.82198927E-02  -1.16716884E-02   5.49950823E-03  -2.85256351E-03   1.31254818E-03  -3.57324578E-04
   2.75543295E-02   6.37701899E-02   9.10868645E-02  0.120224044      0.125186801      0.148580030       6.56907111E-02  -1.03391688E-02   4.34236648E-03  -1.83351827E-03   4.81395284E-04
   2.80479379E-02   6.20037988E-02   9.47098136E-02  0.113975644      0.135493517      0.130026251      0.143048137       5.82860559E-02  -8.21711402E-03   2.83309235E-03  -6.92139729E-04
   2.76612863E-02   6.33741096E-02   9.19485614E-02  0.118550785      0.128493890      0.140640274      0.125279889      0.126873076       4.65633683E-02  -5.46242297E-03   1.11598836E-03
   2.79604737E-02   6.23216480E-02   9.40354988E-02  0.115164585      0.133479536      0.133609995      0.135238186      0.111336522      0.101233624       3.13908756E-02  -2.27951282E-03
   2.77494602E-02   6.30622730E-02   9.25729945E-02  0.117506698      0.130099386      0.138215601      0.129128665      0.119498864       8.94041285E-02   6.79168478E-02   1.39166405E-02
