          10
   3.33356721543440687967844049466597369E-0002   7.47256745752902965728881698288427016E-0002  0.109543181257991021997767467114081469        0.134633359654998177545613460784735156        0.147762112357376435086946497325669346        0.147762112357376435086946497325669346        0.134633359654998177545613460784735156        0.109543181257991021997767467114081469         7.47256745752902965728881698288427016E-0002   3.33356721543440687967844049466597369E-0002
   1.30467357414141399610179939577736110E-0002   6.74683166555077446339516557882528882E-0002  0.160295215850487796882836317442563226        0.283302302935376404600367028417108052        0.425562830509184394557586999435140239        0.574437169490815605442413000564859761        0.716697697064623595399632971582891996        0.839704784149512203117163682557436774        0.932531683344492255366048344211747112        0.986953264258585860038982006042226389      
   1.66678360771720343983922024733319840E-0002  -6.12068029233502987025308987906564343E-0003   4.39200373028852221698614553887751719E-0003  -3.34535050882549470870888176133041140E-0003   2.54756897027876354904962225738147929E-0003  -1.88262038693525661085207791056810912E-0003   1.31081462770308391842832788419784978E-0003  -8.20986353138291127367521983463150104E-0004   4.17243835667835720457601113273611169E-0004  -1.19093958462027525114333774861820550E-0004
   3.60661525781943304506967868615949504E-0002   3.73628372876451482864440849144242277E-0002  -9.53137359188965945260757183913733869E-0003   6.07228446174392218489428998019663463E-0003  -4.30404581295939200907563270911187358E-0003   3.06851861086753558695384716440212109E-0003  -2.09411395745032284831574789258223277E-0003   1.29624965549819963331444499418212727E-0003  -6.54328115142468560893715735581401658E-0004   1.86135539000451362540870049864110390E-0004
   3.19991179775146101939898453822502514E-0002   8.12275701118607728515460679181331677E-0002   5.47715906289955109988837335570387241E-0002  -1.18776128915294264824282010922472165E-0002   6.87814639770714478385800606631039797E-0003  -4.50274329686185241607146970564735948E-0003   2.94087333141394952634963014459860803E-0003  -1.77613374657410074450312651393909889E-0003   8.84246091931209019529692891224016263E-0004  -2.49838753970020848317861205161980689E-0004
   3.41639921791087090319388879631142875E-0002   7.13553690746355578848296638813356816E-0002  0.119207290548758140477788951389364427         6.73166798274990887728067303923641833E-0002  -1.30965195471968997587876242976923058E-0002   6.94886598383539031062731500230081119E-0003  -4.14845352723169508779133417255611868E-0003   2.39281424177035654040595767259465211E-0003  -1.16229795133242643161918981684537641E-0003   3.24562105530182860167670403121263496E-0004
   3.27609312912844373135061555894110568E-0002   7.69022997036484359436613608768343472E-0002  0.104444079563094207185198585546975071        0.146566245550415954620379616976849711         7.38810561786882175434732486628297376E-0002  -1.31122091695853752390419769315549106E-0002   6.33145505482068380026709671442464302E-0003  -3.33810079767527560194800163458382568E-0003   1.55179916885143634252135178552093033E-0003  -4.24726034358327350430438151576472237E-0004
   3.37603981887023961472148430982367014E-0002   7.31738754064388602303668180433258041E-0002  0.112881282055666297599715468748666295        0.128301904600177493745346364070310627        0.160874321526961810325988474257223260         7.38810561786882175434732486628274506E-0002  -1.19328858954177770747661561921145536E-0002   5.09910169489681481256888156710716062E-0003  -2.17662512835813937077319104798600507E-0003   5.74740863059631483278249357249634866E-0004
   3.30111100488138859366167345435387454E-0002   7.58879725266227230045073596456903764E-0002  0.107150367016220665457361509441488210        0.138781813182229872633404794957290469        0.140813246373541044776319182323369752        0.160858631904573334845734121623358582         6.73166798274990887728067303923601389E-0002  -9.66410929076711848002148427528197897E-0003   3.37030550065473868805850594751368444E-0003  -8.28320024764640235154483016452673681E-0004
   3.35855109083140896451022661518217795E-0002   7.38414284833590875533584769376201084E-0002  0.111319315004565122742270593628021195        0.131692486323584228019263830640136737        0.152264855654238287503017967031316219        0.140883965959669290303088491259359951        0.146510972546527604028041661876978159         5.47715906289955109988837335570330968E-0002  -6.50189553657047627865789808928216196E-0003   1.33655417682945860279455956441227889E-0003
   3.31495366153436174342435348967957168E-0002   7.53800026904327651337818855644244208E-0002  0.108246931602492822364453022119900151        0.136727473612448500393929208677316598        0.144693593746508899499992650161268280        0.152066158170335827096022130034779700        0.128561075193254255360719170804540656        0.119074554849880681450375038953211588         3.73628372876451482864440849144188170E-0002  -2.73048042385026165391238191493044788E-0003
   3.34547661128060963218987387215215568E-0002   7.43084307396224608524305687155692846E-0002  0.110364167611129313125134989097544613        0.133322545027295093627185132900537497        0.149644732744311691697798575236237160        0.145214543387097671537896875068288169        0.137978710163823672254322342546065138        0.105151177527702499780781321575204092         8.08463548676253264431412597079060671E-0002   1.66678360771720343983922024733299527E-0002
