           9
   4.0637194180782349E-002   9.0324080347429656E-002  0.13030534820146975       0.15617353852000060       0.16511967750062989       0.15617353852000060       0.13030534820146975        9.0324080347429656E-002   4.0637194180782349E-002
   1.5919880246186735E-002   8.1984446336682171E-002  0.19331428364970515       0.33787328829809526       0.50000000000000000       0.66212671170190474       0.80668571635029485       0.91801555366331788       0.98408011975381326     
   2.0318597090393131E-002  -7.3978685661485128E-003   5.2220035920998963E-003  -3.8734512917448709E-003   2.8313694500697486E-003  -1.9621941883911616E-003   1.2266097888125260E-003  -6.2296409164889219E-004   1.7777846274479180E-004
   4.3965527226527745E-002   4.5162040173714994E-002  -1.1335464012335658E-002   7.0347668017351388E-003  -4.7882761310169518E-003   3.2033601519850770E-003  -1.9644057399536485E-003   9.8717210366601081E-004  -2.8027423764095797E-004
   3.9008653396283045E-002   9.8181511959849629E-002   6.5152674100732763E-002  -1.3770833986608104E-002   7.6641756246417199E-003  -4.7135864677989095E-003   2.7708288927588446E-003  -1.3616719830729037E-003   3.8253211291802616E-004
   4.1645087027320567E-002   8.6255472772506184E-002  0.14179521604114412        7.8086769260000050E-002  -1.4618957875912988E-002   7.3004282621805675E-003  -3.9328399150389565E-003   1.8526862008226247E-003  -5.1057347492871382E-004
   3.9940372869831493E-002   9.2943372272720121E-002  0.12425711041077406       0.17000044525525415        8.2559838750313488E-002  -1.3826906735252172E-002   6.0482377906921096E-003  -2.6192919252883769E-003   6.9682131095245782E-004
   4.1147767655711952E-002   8.8471394146608914E-002  0.13423818811650631       0.14887311025782013       0.17973863537654394        7.8086769259998509E-002  -1.1489867839677842E-002   4.0686075749249385E-003  -1.0078928465356036E-003
   4.0254662067864773E-002   9.1685752330503703E-002  0.12753451930870968       0.16088712498779922       0.15745550187598834       0.16994437250661115        6.5152674100729904E-002  -7.8574316124190476E-003   1.6285407845027806E-003
   4.0917468418423447E-002   8.9336908243764293E-002  0.13226975394142262       0.15297017836801594       0.16990795363164599       0.14913877171826773       0.14164081221380340        4.5162040173710630E-002  -3.3283330457409620E-003
   4.0459415718037642E-002   9.0947044439078500E-002  0.12907873841265746       0.15813573270839140       0.16228830805056071       0.16004698981174476       0.12508334460937123        9.7721948913575329E-002   2.0318597090391046E-002
