   6.7059298067115719E-003   1.5494002507141747E-002   2.4018835934789130E-002   3.2116210843410577E-002   3.9640705907341464E-002   4.6457883026124809E-002   5.2446045731531832E-002   5.7498320111163376E-002   6.1524542153365933E-002   6.4452861094040054E-002   6.6231019702348182E-002   6.6827286093053093E-002   6.6231019702348182E-002   6.4452861094040054E-002   6.1524542153365933E-002   5.7498320111163376E-002   5.2446045731531832E-002   4.6457883026124809E-002   3.9640705907341464E-002   3.2116210843410577E-002   2.4018835934789130E-002   1.5494002507141747E-002   6.7059298067115719E-003
   2.6153325021729401E-003   1.3728764375222413E-002   3.3514456585110985E-002   6.1623820874594615E-002   9.7555799191343773E-002  0.14066931843364672       0.19019506211811132       0.24524926107698464       0.30484948098485454       0.36793215951482738       0.43337158785076679       0.50000000000000000       0.56662841214923321       0.63206784048517262       0.69515051901514546       0.75475073892301536       0.80980493788188868       0.85933068156635328       0.90244420080865617       0.93837617912540539       0.96648554341488901       0.98627123562477759       0.99738466749782706     
   3.3529648729308066E-003  -1.2692438137082132E-003   9.6385261493597298E-004  -8.0069475390912438E-004   6.8992687739760769E-004  -6.0539928736829849E-004   5.3619573260453113E-004  -4.7685365494725172E-004   4.2432584992750097E-004  -3.7679023507450809E-004   3.3310860743958364E-004  -2.9255328253769981E-004   2.5465791378628485E-004  -2.1913126621387046E-004   1.8580538398399747E-004  -1.5460394232554061E-004   1.2552350695171978E-004  -9.8624210318742670E-005   7.4028992773001153E-005  -5.1933532642592493E-005   3.2634983803819619E-005  -1.6606613940458371E-005   4.7417579156356508E-006
   7.2552687235250954E-003   7.7470014426925379E-003  -2.0907174975117555E-003   1.4518636302100418E-003  -1.1634892442206220E-003   9.8392723870616020E-004  -8.5299302483340532E-004   7.4839939267994885E-004  -6.5993937838638560E-004   5.8228149343504025E-004  -5.1239246880843518E-004   4.4845016245138685E-004  -3.8932749663366190E-004   3.3432497422174916E-004  -2.8302278260992285E-004   2.3519556770159876E-004  -1.9076301359739704E-004   1.4976336498616726E-004  -1.1234477465257023E-004   7.8775671842191787E-005  -4.9485348642965197E-005   2.5175215721836921E-005  -7.1874767748474836E-006
   6.4368272643289598E-003   1.6842677081266119E-002   1.2009417946646778E-002  -2.8359189244626919E-003   1.8540531085013653E-003  -1.4369310863185890E-003   1.1891673854805345E-003  -1.0146240572854849E-003   8.7859720607047932E-004  -7.6559038363756022E-004   6.6769970168050635E-004  -5.8052466051943864E-004   5.0147253083115463E-004  -4.2896770482414619E-004   3.6204951711174186E-004  -3.0015444197682825E-004   2.4299393167145409E-004  -1.9048698683649871E-004   1.4272913510671840E-004  -9.9993317946168894E-005   6.2773688711396727E-005  -3.1921869547749453E-005   9.1115119761912068E-006
   6.8731164056455886E-003   1.4793572246692564E-002   2.6139742096909165E-002   1.6058105351183929E-002  -3.5196354359297768E-003   2.2044200927255129E-003  -1.6610819517708978E-003   1.3466823971133458E-003  -1.1301721133475688E-003   9.6460741549859834E-004  -8.2919530579899281E-004   7.1341789857928405E-004  -6.1146711954020378E-004   5.1994814304203211E-004  -4.3681473526658806E-004   3.6083180671474079E-004  -2.9128779627653754E-004   2.2783725776301693E-004  -1.7041999626077689E-004   1.1923610732303979E-004  -7.4782268008503008E-005   3.8004187578259170E-005  -1.0843826675272981E-005
   6.5892163193727038E-003   1.5948765422296837E-002   2.2895440219741620E-002   3.4967758140082142E-002   1.9820352919634823E-002  -4.1358866817178897E-003   2.5069933976550360E-003  -1.8443402535181510E-003   1.4669610085282108E-003  -1.2110535384295183E-003   1.0181263558784813E-003  -8.6235272537410533E-004   7.3071089226387105E-004  -6.1603483592662599E-004   5.1415243655802577E-004  -4.2256258320523619E-004   3.3977090424213021E-004  -2.6493873881047047E-004   1.9769818793870475E-004  -1.3807131756224831E-004   8.6481498255826383E-005  -4.3911182486511342E-005   1.2523319487580563E-005
   6.7933156222271486E-003   1.5165856878879664E-002   2.4761732663528269E-002   3.0592300969753357E-002   4.3169697241137402E-002   2.3228941497670456E-002  -4.6758219628237176E-003   2.7601342053089175E-003  -1.9882352718355312E-003   1.5532595601331922E-003  -1.2615251048815922E-003   1.0439872096412934E-003  -8.7020598936177705E-004   7.2485843905381814E-004  -5.9952918144450548E-004   4.8933443855439355E-004  -3.9136549503021784E-004   3.0391233377706744E-004  -2.2606192909896880E-004   1.5750328903891869E-004  -9.8482224021725863E-005   4.9947046139979676E-005  -1.4235840821851074E-005
   6.6373698755231268E-003   1.5746000520216897E-002   2.3474230185822124E-002   3.3133401925486132E-002   3.7745825411292934E-002   5.0599830942454863E-002   2.6223022843762298E-002  -5.1307438090129479E-003   2.9610247877575333E-003  -2.0924475990393202E-003   1.6066537113205077E-003  -1.2835280915737537E-003   1.0446919405109542E-003  -8.5562482247104302E-004   6.9897056335041724E-004  -5.6521651078179501E-004   4.4886604004031158E-004  -3.4668033000094181E-004   2.5681170775261380E-004  -1.7837494019960336E-004   1.1128448793738962E-004  -5.6356636112071051E-005   1.6049862530013550E-005
   6.7615442958970044E-003   1.5292332643948758E-002   2.4442675935293593E-002   3.1364008945977032E-002   4.0912237832450307E-002   4.4227731036789238E-002   5.7125960293548397E-002   2.8749160002368036E-002  -5.4930077416866637E-003   3.1069573742247437E-003  -2.1563065982636151E-003   1.6276074245343529E-003  -1.2782452334193074E-003   1.0219090879220610E-003  -8.2061940050298090E-004   6.5530723627768345E-004  -5.1555194280229570E-004   3.9537575823437411E-004  -2.9132466751183208E-004   2.0154589230660477E-004  -1.2538383998005287E-004   6.3377865520351597E-005  -1.8031190606088707E-005
   6.6596798497866134E-003   1.5660198405935313E-002   2.3675836549519415E-002   3.2706167833566599E-002   3.8695532371770612E-002   4.7959222110768890E-002   4.9921946666115463E-002   6.2631860420532245E-002   3.0762271053272873E-002  -5.7564113301024535E-003   3.1958204074242066E-003  -2.1793524574374393E-003   1.6165724833529869E-003  -1.2467086516988960E-003   9.7707140304507814E-004  -7.6691733509194105E-004   5.9583121150835825E-004  -4.5271132406701770E-004   3.3127212560159734E-004  -2.2802013274156958E-004   1.4134210005705675E-004  -7.1274905118827363E-005   2.0252046238286066E-005
   6.7451324204466645E-003   1.5354026579784630E-002   2.4304138931251149E-002   3.1635556478506570E-002   4.0385545138177624E-002   4.5338287205005420E-002   5.4148694821220679E-002   5.4726607108548257E-002   6.7019419607910316E-002   3.2226430454812383E-002  -5.9164062948628277E-003   3.2263173064217636E-003  -2.1615790484135248E-003   1.5742475954861083E-003  -1.1900662893493416E-003   9.1164386659699367E-004  -6.9623189793516715E-004   5.2248088746301667E-004  -3.7888241161245661E-004   2.5908491213727535E-004  -1.5985798750934777E-004   8.0369311486875588E-005  -2.2799280458766135E-005
   6.6722022446212333E-003   1.5613871262466836E-002   2.3776693175259687E-002   3.2518297299108663E-002   3.9031335179487502E-002   4.7342782314384504E-002   5.1173792475872580E-002   5.9370313104360646E-002   5.8555821685695765E-002   7.0210424778774358E-002   3.3115509806312372E-002  -5.9702261327298500E-003   3.1980736164204165E-003  -2.1035454006392328E-003   1.5016963744940806E-003  -1.1097059269733727E-003   8.2725529833109555E-004  -6.1040776478961736E-004   4.3734637137568554E-004  -2.9650769799470598E-004   1.8186020086094278E-004  -9.1078795649055726E-005   2.5784264268384671E-005
   6.7352865967488821E-003   1.5390028927758058E-002   2.4227486278807494E-002   3.1773352465058267E-002   4.0152237588365294E-002   4.5732110031461375E-002   5.3453358470813422E-002   5.6097923624875236E-002   6.3530963062715648E-002   6.1341177261893420E-002   7.2147976534557859E-002   3.3413642922509736E-002  -5.9169567413301294E-003   3.1116837653353850E-003  -2.0064208449073720E-003   1.4003964208973939E-003  -1.0073126703105599E-003   7.2577292669635156E-004  -5.1153162690331124E-004   3.4285814299278220E-004  -2.0865019443251930E-004   1.0397381758665684E-004  -2.9356896694189117E-005
   6.6801454500350511E-003   1.5585081489730687E-002   2.3836975901904353E-002   3.2412718318890005E-002   3.9203359585154085E-002   4.7068290726248498E-002   5.1618790498763070E-002   5.8608025976830853E-002   6.0022845837499221E-002   6.6556406438822602E-002   6.3032946136505882E-002   7.2797512208699816E-002   3.3115509761497700E-002  -5.7575637166626531E-003   2.9687205204756402E-003  -1.8719930515553491E-003   1.2722533192403855E-003  -8.8489935161251674E-004   6.0937077848760416E-004  -4.0208669015256971E-004   2.4214287700605332E-004  -1.1986846336384711E-004   3.3727443226999845E-005
   6.7287290097479925E-003   1.5413633336820489E-002   2.4178694094652429E-002   3.1857125731935734E-002   4.0019588359025561E-002   4.5935402080706636E-002   5.3142277688821474E-002   5.6586676188971924E-002   6.2714608496301685E-002   6.2878613446246942E-002   6.8392598802962820E-002   6.3600968730534779E-002   7.2147426097477013E-002   3.2226430388844547E-002  -5.4948773791745013E-003   2.7717129425582458E-003  -1.7026490299933280E-003   1.1195957646067713E-003  -7.4483918916898502E-004   4.8065414238676325E-004  -2.8530291958971582E-004   1.3997627024303088E-004  -3.9202741042184926E-005
   6.6856776977545071E-003   1.5565277514720572E-002   2.3877493999221504E-002   3.2344230806173796E-002   3.9309433811714464E-002   4.6910594300265382E-002   5.1850214571690444E-002   5.8265237397956270E-002   6.0547470796760795E-002   6.5699569700764390E-002   6.4614447262860739E-002   6.9006638507678450E-002   6.3035199333583786E-002   7.0209272444399048E-002   3.0762270927250663E-002  -5.1335403241112038E-003   2.5240990988270322E-003  -1.5013391191689139E-003   9.4517355578484382E-004  -5.8995718818011624E-004   3.4299941662419486E-004  -1.6619551173009155E-004   4.6249825912467503E-005
   6.7239609480756217E-003   1.5430624713663047E-002   2.4144219920551262E-002   3.1914664815141068E-002   3.9932030592543633E-002   4.6062507230412941E-002   5.2961597712459625E-002   5.6843012840951404E-002   6.2345161584812403E-002   6.3430951978053027E-002   6.7509264961038276E-002   6.5199678646095355E-002   6.8387326319861899E-002   6.1345903701400591E-002   6.7017549988913808E-002   2.8749159852787736E-002  -4.6799145031417968E-003   2.2301519542838539E-003  -1.2715319149023420E-003   7.5220171834989137E-004  -4.2384000523959503E-004   2.0167027992297736E-004  -5.5614617563971600E-005
   6.6898799073034140E-003   1.5550359190800634E-002   2.3907551570336791E-002   3.2294585676926994E-002   3.9383894212901026E-002   4.6804563322719962E-002   5.1997179726576304E-002   5.8063536589110114E-002   6.0825571621907958E-002   6.5308485885175210E-002   6.5186327793150325E-002   6.8110814152624238E-002   6.4624366024846905E-002   6.6545308654865201E-002   5.8563517410611124E-002   6.2629063972338139E-002   2.6223022653177136E-002  -4.1419478818591733E-003   1.8948804638987485E-003  -1.0171912268296095E-003   5.4460570862223542E-004  -2.5199757624576492E-004   6.8559809465853306E-005
   6.7201656206825871E-003   1.5444055492565339E-002   2.4117318252798611E-002   3.1958707481078742E-002   3.9866767837666482E-002   4.6153970675786506E-002   5.2837411241739754E-002   5.7008985662205323E-002   6.2124071341141819E-002   6.3728002652963189E-002   6.7101225689112892E-002   6.5783298891173098E-002   6.7492544793326600E-002   6.2899601555866422E-002   6.3512777389414410E-002   5.4738185968616973E-002   5.7121867745626699E-002   2.3228941269640875E-002  -3.5289913064030869E-003   1.5239097084082090E-003  -7.4289676703848562E-004   3.2814606090819160E-004  -8.7385923814815584E-005
   6.6934064696575072E-003   1.5537913706719421E-002   2.3932354508296002E-002   3.2254282105309326E-002   3.9443007727306252E-002   4.6722821741816960E-002   5.2106274852527765E-002   5.7920882669010333E-002   6.1010389743321097E-002   6.5068895901910256E-002   6.5500308840216570E-002   6.7689638785518966E-002   6.5212893383173959E-002   6.5663914590296843E-002   6.0057581195501690E-002   5.9342660294874290E-002   4.9939052460774166E-002   5.0593769713107854E-002   1.9820352697582942E-002  -2.8515473751218644E-003   1.1233956371665584E-003  -4.5476247259467156E-004   1.1671338771284100E-004
   6.7167736219027789E-003   1.5455998331214783E-002   2.4093618244858825E-002   3.1996974709014109E-002   3.9811125897257382E-002   4.6230045767819666E-002   5.2737333525512006E-002   5.7137488311270204E-002   6.1961356877511226E-002   6.3932912966754199E-002   6.6842486801111795E-002   6.6113868220801411E-002   6.7060214975499188E-002   6.3488253718703563E-002   6.2654714216985638E-002   5.6151637776440236E-002   5.4107127594333559E-002   4.4253463141381483E-002   4.3160341223731018E-002   1.6058105117101869E-002  -2.1209061509687888E-003   7.0043066167610696E-004  -1.6718667881585010E-004
   6.6968182893495020E-003   1.5525924379821851E-002   2.3956062274564181E-002   3.2216204138859582E-002   3.9497976780056787E-002   4.6648369997116960E-002   5.2203051818385068E-002   5.7798474532421720E-002   6.1162492659752522E-002   6.4881828772286571E-002   6.5729547201534955E-002   6.7407810719689945E-002   6.5563320038948658E-002   6.5218451434278860E-002   6.0645944996846585E-002   5.8512944110923990E-002   5.1256878412038000E-002   4.7894814038087687E-002   3.7786653042196340E-002   3.4952129390411361E-002   1.2009417785268975E-002  -1.3486741164686134E-003   2.6910245659060919E-004
   6.7131172808821528E-003   1.5468827294047246E-002   2.4068321292254190E-002   3.2037435167216195E-002   3.9753050678314875E-002   4.6308119663698660E-002   5.2636808741136888E-002   5.7263124549299819E-002   6.1807564928314455E-002   6.4118536129421491E-002   6.6620347187317977E-002   6.6378835944464851E-002   6.6743412154926268E-002   6.3870579619415557E-002   6.2184481510076481E-002   5.6749920743370125E-002   5.3299038727026238E-002   4.5473955821293349E-002   4.0804195149051238E-002   3.0664347294379345E-002   2.6109553018024586E-002   7.7470014403004731E-003  -5.4933897674373246E-004
   6.7011880479960102E-003   1.5510609122641785E-002   2.3986200950562215E-002   3.2168144378607204E-002   3.9566676909050101E-002   4.6556507243338381E-002   5.2320522215655182E-002   5.7652924064667946E-002   6.1338736755809573E-002   6.4671992376389681E-002   6.5976361769683606E-002   6.7119839397411354E-002   6.5897911069911913E-002   6.4829651357575541E-002   6.1100216271138021E-002   5.7975173802760072E-002   5.1909849957064706E-002   4.7063282361512367E-002   3.8950778978741094E-002   3.2916905677055262E-002   2.3054983182816718E-002   1.6763246413083414E-002   3.3529649240541322E-003
