          11
   2.78342835580868332413768602212915933E-0002   6.27901847324523123173471496119807728E-0002   9.31451054638671257130488207158234573E-0002  0.116596882295995239959261852421586080        0.131402272255123331090344434945254572        0.136462543388950315357241764168171106        0.131402272255123331090344434945254572        0.116596882295995239959261852421586080         9.31451054638671257130488207158234573E-0002   6.27901847324523123173471496119807728E-0002   2.78342835580868332413768602212915933E-0002
   1.08856709269715035980309994385719332E-0002   5.64687001159523504624211153480363527E-0002  0.134923997212975337953291873984422936        0.240451935396594092037137165270695008        0.365228422023827513834234007299569230        0.500000000000000000000000000000000000        0.634771577976172486165765992700430770        0.759548064603405907962862834729304992        0.865076002787024662046708126015577064        0.943531299884047649537578884651963695        0.989114329073028496401969000561428067      
   1.39171417790434166206884301106387941E-0002  -5.14325562983490553945482672729273746E-0003   3.73560374914085018725131470439125679E-0003  -2.90037905138315003781828070850423664E-0003   2.27274215264998537669600797675902770E-0003  -1.75240116264082742702346957094279679E-0003   1.30248911731822927183376576527370296E-0003  -9.09279657711640651057229985874438601E-0004   5.70136062283444316355989598062928956E-0004  -2.89875324978482038437992853765303018E-0004   8.27488930845835189972911298262134638E-0005
   3.01142391948244556850291647703480347E-0002   3.13950923662261561586735748059836035E-0002  -8.10562697907984411509038761874525075E-0003   5.26282127353501507194118571645723675E-0003  -3.83743668169242759363413819372914457E-0003   2.85354676447749860209788071218149421E-0003  -2.07783291714634649529155042044978266E-0003   1.43267781287657313277759445234259135E-0003  -8.91466711988145401994499020386340553E-0004   4.51184930916069171735273863699808647E-0004  -1.28498936996653753822983719663396020E-0004
   2.67179838502661811451222492270545355E-0002   6.82542809171542158094247997671919802E-0002   4.65725527319335628565244103579194444E-0002  -1.02895248152872145428450144855971990E-0002   6.12667324766953732872518254748773080E-0003  -4.18053753704864073577283170383282074E-0003   2.91066795410457775012630543616172449E-0003  -1.95573987509097941918238015793175884E-0003   1.19821656507352216046396088240347357E-0003  -6.00947942995045366467377875974642891E-0004   1.70372117195620967172569989546421533E-0004
   2.85266689062404033539906138636185654E-0002   5.99560307356048885110634313934345217E-0002  0.101365041153570591950231026008484626         5.82984411479976199796309262107971806E-0002  -1.16536925866713892045122531529415971E-0002   6.43838129780483330857548404618106147E-0003  -4.09164865278154504328097688232740820E-0003   2.62061890572086323919627935494683922E-0003  -1.56237108006700551652476566069879177E-0003   7.71530960015176748020373869400748288E-0004  -2.17065390840345289252973780190105387E-0004
   2.73528599993796140716452683309917912E-0002   6.46238924302517439343240111126925314E-0002   8.88021849343891269062705363844860664E-0002  0.126937527092484729329395593358847216         6.57011361275616655451722174726372886E-0002  -1.21240615804220011533673101424207250E-0002   6.21926257425001908979939369156953139E-0003  -3.63063338386324112523093675663975637E-0003   2.06324037554684363328318467300653564E-0003  -9.92886275645834511167361281996730974E-0004   2.75899729894848114109410456411580091E-0004
   2.81917210618671959125369757793032153E-0002   6.14771890632044979378652513022279872E-0002   9.59986109028957617417890032486375130E-0002  0.111095774316370167736965659831942817        0.143076752307042779412913905065100729         6.82312716944751576786208820840973253E-0002  -1.16744800519194483225694701198465294E-0002   5.50110797962507222229619258964439125E-0003  -2.85350543902863602874018253281003197E-0003   1.31299566924781437948189830973961291E-0003  -3.57437503780362671160115558015008701E-0004
   2.75583838281919851272674497648781074E-0002   6.37830710080981468285145108939676868E-0002   9.10818650883202820797656360428187889E-0002  0.120227515679858481084492789178227554        0.125183009680873312000545041253685124        0.148586604969372316510609074310590144         6.57011361275616655451722174726431627E-0002  -1.03406447964894893701337409372626888E-0002   4.34292052947799880677828433134408879E-0003  -1.83370769779943161697686150072742392E-0003   4.81423558707219169731591890294211738E-0004
   2.80513489489271785306298340014808176E-0002   6.20186537724371355693267757425731886E-0002   9.47074765439341312295735863765234924E-0002  0.113976263390274376720065573066639481        0.135493920907904876133625411827584181        0.130024162091145482048666280121986222        0.143055964841794720294856688098198945         5.82984411479976199796309262108128168E-0002  -8.21993568970346623718220529265602327E-0003   2.83415399684742380628371821853095312E-0003  -6.92385348153570112613753642335747865E-0004
   2.76639114408912122742042902317446591E-0002   6.33911326754473576838145274879520734E-0002   9.19468888987936035525848598334195128E-0002  0.118552622171086219378444232579519439        0.128491604301018753340218129509092032        0.140643080925998956093014595872005347        0.125275599007453793761619252397762999        0.126886407111282454502106866907187746         4.65725527319335628565244103579340574E-0002  -5.46409618470190349207765015522845653E-0003   1.11629970782065209625461099422573829E-0003
   2.79627824950834869951998439409549853E-0002   6.23389998015362431456118757482790390E-0002   9.40365721758552711150433197362106851E-0002  0.115164204483118666826484257969242318        0.133480105172269677585635985365706820        0.133608996624472816755143883455986082        0.135239708936815758683978573138988270        0.111334061022460224887320666705120215        0.101250732442946969828139208334586876         3.13950923662261561586735748060022429E-0002  -2.27995563673762244365230454907228860E-0003
   2.77515346650022497223795690914652833E-0002   6.30800600574307943557851424657459675E-0002   9.25749694015836813966928311177600857E-0002  0.117506161953706880610319082407461238        0.130099783137805101818510669179979969        0.138214944551591142784265233739115095        0.129129530102473345713648426968493920        0.119497261347378389997080133130091949         8.94095017147262755257975060114299996E-0002   6.79334403622872178568019763392820905E-0002   1.39171417790434166206884301106458629E-0002
