           9
   4.06386927E-02   9.03226808E-02  0.130305767      0.156173497      0.165119678      0.156173497      0.130305767       9.03226808E-02   4.06386927E-02
   1.59199238E-02   8.19843411E-02  0.193314373      0.337873280      0.500000000      0.662126720      0.806685627      0.918015659      0.984080076    
   2.03186907E-02  -7.39791337E-03   5.22202579E-03  -3.87347373E-03   2.83138524E-03  -1.96220540E-03   1.22661574E-03  -6.22966851E-04   1.77779861E-04
   4.39656302E-02   4.51617949E-02  -1.13352872E-02   7.03465706E-03  -4.78819758E-03   3.20330705E-03  -1.96437142E-03   9.87154082E-04  -2.80270091E-04
   3.90088335E-02   9.81812328E-02   6.51532188E-02  -1.37711139E-02   7.66436104E-03  -4.71371366E-03   2.77090562E-03  -1.36170967E-03   3.82544153E-04
   4.16454785E-02   8.62549990E-02  0.141795740       7.80864209E-02  -1.46186100E-02   7.30020413E-03  -3.93270096E-03   1.85261446E-03  -5.10554935E-04
   3.99410464E-02   9.29424986E-02  0.124257892      0.169999778       8.25604573E-02  -1.38271339E-02   6.04838040E-03  -2.61936430E-03   6.96844654E-04
   4.11487184E-02   8.84702504E-02  0.134239033      0.148872510      0.179738969       7.80868381E-02  -1.14896214E-02   4.06848826E-03  -1.00786355E-03
   4.02558856E-02   9.16843638E-02  0.127535433      0.160886452      0.157456070      0.169943824       6.51531741E-02  -7.85736833E-03   1.62853545E-03
   4.09188531E-02   8.93355012E-02  0.132270381      0.152969927      0.169908032      0.149138942      0.141640201       4.51630652E-02  -3.32838204E-03
   4.04608771E-02   9.09456983E-02  0.129079103      0.158135891      0.162288025      0.160047442      0.125082955       9.77216288E-02   2.03194525E-02
