          13
   2.0242002382659319E-002   4.6060749918860736E-002   6.9436755109928555E-002   8.9072990380970996E-002  0.10390802376844605       0.11314159013144832       0.11627577661543695       0.11314159013144832       0.10390802376844605        8.9072990380970996E-002   6.9436755109928555E-002   4.6060749918860736E-002   2.0242002382659319E-002
   7.9084726407060990E-003   4.1200800388510872E-002   9.9210954633345172E-002  0.17882533027983005       0.27575362448177687       0.38477084202243239       0.50000000000000000       0.61522915797756761       0.72424637551822313       0.82117466972016995       0.90078904536665483       0.95879919961148907       0.99209152735929385     
   1.0121001191329920E-002  -3.7730715853261532E-003   2.7856157560630966E-003  -2.2182703840463672E-003   1.8030646911531229E-003  -1.4642861839761390E-003   1.1721943452338943E-003  -9.1358292547705016E-004   6.8270777501460540E-004  -4.7784682532810944E-004   2.9996262525947779E-004  -1.5257629921206227E-004   4.3560460018377269E-005
   2.1900128317531450E-002   2.3030374959432363E-002  -6.0433198254476427E-003   4.0236767556729508E-003  -3.0424947262259867E-003   2.3820349877673483E-003  -1.8672464008110744E-003   1.4364746482836768E-003  -1.0644224460111724E-003   7.4085223141708836E-004  -4.6334553978787845E-004   2.3513908819656953E-004  -6.7051661504149938E-005
   1.9429947719649048E-002   5.0069575543264300E-002   3.4718377554950226E-002  -7.8630320673093047E-003   4.8527461585539545E-003  -3.4840033366079692E-003   2.6090624296800347E-003  -1.9537207684111281E-003   1.4232950875335733E-003  -9.7973353298772578E-004   6.0835505902978701E-004  -3.0735945250348059E-004   8.7444238510296296E-005
   2.0746108444523174E-002   4.3980056680606290E-002   7.5566373412183738E-002   4.4536495190493221E-002  -9.2209168426039267E-003   5.3546508856891859E-003  -3.6552267998523668E-003   2.6044290023497399E-003  -1.8420098947622891E-003   1.2446081221080701E-003  -7.6375023575685674E-004   3.8310389279846209E-004  -1.0859157793478043E-004
   1.9890752898252925E-002   4.7409438726837144E-002   6.6193897297746426E-002   9.6977429397690149E-002   5.1954011884229073E-002  -1.0063307033251355E-002   5.5344249147498241E-003  -3.5852200828573270E-003   2.4089462753596222E-003  -1.5790246382069535E-003   9.5111993143486419E-004  -4.7184129113079804E-004   1.3299620094112545E-004
   2.0503975759473391E-002   4.5091006451932494E-002   7.1574942192160249E-002   8.4857433870936652E-002  0.11315005709311154        5.6570795065733960E-002  -1.0351456092251956E-002   5.3940038996955269E-003  -3.2926276990796694E-003   2.0503890674038912E-003  -1.1990288486461100E-003   5.8479909520926581E-004  -1.6344783322189566E-004
   2.0037939581102015E-002   4.6800429085150530E-002   6.7878693454500857E-002   9.1873074724078116E-002   9.8962271761226933E-002  0.12321402513506309        5.8137888307731485E-002  -1.0072435003612113E-002   4.9457520072192394E-003  -2.8000843431081122E-003   1.5580616553986762E-003  -7.3967916627362186E-004   2.0406280155539901E-004
   2.0405450215878931E-002   4.5475950823665803E-002   7.0635783958553452E-002   8.7022601313562459E-002  0.10720065146752959       0.10774758623174675       0.12662723270770357        5.6570795065733079E-002  -9.2420333246640996E-003   4.2155565100354744E-003  -2.1381870822660097E-003   9.6974346694335748E-004  -2.6197337681483886E-004
   2.0109006181716040E-002   4.6532591210002812E-002   6.8485635178479498E-002   9.0652015019172694E-002  0.10149907749308945       0.11672681021430288       0.11074135170068787       0.12320489716471524        5.1954011884232404E-002  -7.9044390167171564E-003   3.2428578121463814E-003  -1.3486888079652032E-003   3.5124948440717007E-004
   2.0350593960592678E-002   4.5677646026069198E-002   7.0200505345678454E-002   8.7828382258856141E-002  0.10575003366321367       0.11053716112909280       0.11993100341529474       0.10778693924575504       0.11312894061107309        4.4536495190488995E-002  -6.1296183022910618E-003   2.0806932382616593E-003  -5.0410606186223857E-004
   2.0154558144148252E-002   4.6368109371367712E-002   6.8828400050896077E-002   9.0052723913953442E-002  0.10248472868091675       0.11509531089985495       0.11366671418576078       0.11662559346805357        9.9055277609895437E-002   9.6936022448308609E-002   3.4718377554944557E-002  -4.0088256243986271E-003   8.1205466301158247E-004
   2.0309054044162993E-002   4.5825610830666080E-002   6.9900100649714567E-002   8.8332138149553180E-002  0.10497244621445657       0.11170511548316632       0.11814302301624445       0.11075955514368718       0.10695051849466211        8.5049313625321615E-002   7.5480074935358327E-002   2.3030374959428480E-002  -1.6581259348706630E-003
   2.0198441922640812E-002   4.6213326218073274E-002   6.9136792484668558E-002   8.9550837206299222E-002  0.10322531599343092       0.11405517305692625       0.11510358227020165       0.11460587631542656       0.10210495907728989        9.1291260765022392E-002   6.6651139353862757E-002   4.9833821504185853E-002   1.0121001191330008E-002
