   4.06371941807872059859460790552613237E-0002   9.03240803474287020292360156214523059E-0002  0.130305348201467731159371434709315664        0.156173538520001420034315203292221727        0.165119677500629881582262534643487017        0.156173538520001420034315203292221727        0.130305348201467731159371434709315664         9.03240803474287020292360156214523059E-0002   4.06371941807872059859460790552613237E-0002
   1.59198802461869550822118985481635991E-0002   8.19844463366821028502851059651324303E-0002  0.193314283649704801345648980329262701        0.337873288298095535480730992678331645        0.500000000000000000000000000000000000        0.662126711701904464519269007321668355        0.806685716350295198654351019670737299        0.918015553663317897149714894034867570        0.984080119753813044917788101451836449      
   2.03185970903936029929730395276307491E-0002  -7.39786856614878686542489503086319060E-0003   5.22200359210005389185584360564738821E-0003  -3.87345129174498055049537887338988294E-0003   2.83136945006983986354937012363705167E-0003  -1.96219418839121917026118745577619184E-0003   1.22660978881256074839466284462651875E-0003  -6.22964091648914481159571486571443823E-0004   1.77778462744798652780015293222428167E-0004
   4.39655272265284041585412645645081384E-0002   4.51620401737143510146180078107277057E-0002  -1.13354640123350470465925464814318768E-0002   7.03476680173468143903695814226940512E-0003  -4.78827613101664029445945068615469371E-0003   3.20336015198485576267209135093203373E-0003  -1.96440573995350861710011819853349459E-0003   9.87172103665947150853208009195394978E-0004  -2.80274237640940717284308546381074778E-0004
   3.90086533962843337053406260551840668E-0002   9.81815119598481585602972012795656302E-0002   6.51526741007338655796857173546572181E-0002  -1.37708339866085721988706377249964332E-0002   7.66417562464213864225207092504697869E-0003  -4.71358646779919455507145952426561948E-0003   2.77082889275901981606719881443304404E-0003  -1.36167198307300388077294236226988971E-0003   3.82532112918055676721205511905613369E-0004
   4.16450870273228085684590957995204454E-0002   8.62554727725037766071341170647420843E-0002  0.141795216041145464700711349265044117         7.80867692600007100171576016461090820E-0002  -1.46189578759125574286313738589810927E-0002   7.30042826218022637446431145744444796E-0003  -3.93283991503873128187398305621721724E-0003   1.85268620082252394849783525333881459E-0003  -5.10573474928686025187960892672713124E-0004
   3.99403728698347433203974299378416168E-0002   9.29433722727170869747695620130765515E-0002  0.124257110410775669930284959188188952        0.170000445255253483576298037267457880         8.25598387503149407911312673217415946E-0002  -1.38269067352520635419828339752371037E-0002   6.04823779069206122908647552112822858E-0003  -2.61929192528838494553354639162236558E-0003   6.96821310952462665548649117419156571E-0004
   4.11477676557158920111340399479336284E-0002   8.84713941466061780807381803681145991E-0002  0.134238188116506462441245417765534008        0.148873110257821193659850891834777255        0.179738635376542439010893908502467097         7.80867692600007100171576016461082996E-0002  -1.14898678396777335413399145557270926E-0002   4.06860757492492542210189855671307133E-0003  -1.00789284653560258251301674425972089E-0003
   4.02546620678691503092248735433555109E-0002   9.16857523305017059100089579837226244E-0002  0.127534519308708711343304235894883608        0.160887124987800614589386662816486879        0.157455501875987742940010463718440724        0.169944372506609992233185841017215577         6.51526741007338655796857173546562431E-0002  -7.85743161241945653106118565810935057E-0003   1.62854078450287228060545300007673743E-0003
   4.09174684184281467032303876016422929E-0002   8.93369082437627548783828076122571524E-0002  0.132269753941421239776471552907849371        0.152970178368016564271643111941289922        0.169907953631646521876721985329641357        0.149138771718266738595278245149952751        0.141640812213802778205963981190744521         4.51620401737143510146180078107269053E-0002  -3.32833304574119817259518550924671129E-0003
   4.04594157180424073331660637620388680E-0002   9.09470444390776165103955871080238168E-0002  0.129078738412655170410976771864689133        0.158135732708392639204576390747998097        0.162288308050560041718713164519849780        0.160046989811746400584810582165611923        0.125083344609367677267515591103667551         9.77219489135774888946609106523157756E-0002   2.03185970903936029929730395276308003E-0002
