          14
   1.75597301658759315159164380689921822E-0002   4.00790435798801049028166385314616637E-0002   6.07592853439515923447074045362837227E-0002   7.86015835790967672848009693119330070E-0002   9.27691987389689068708582950625743487E-0002  0.102599231860647801982962032830608715        0.107631926731578895097938221658130047        0.107631926731578895097938221658130047        0.102599231860647801982962032830608715         9.27691987389689068708582950625743487E-0002   7.86015835790967672848009693119330070E-0002   6.07592853439515923447074045362837227E-0002   4.00790435798801049028166385314616637E-0002   1.75597301658759315159164380689921822E-0002
   6.85809565159383057920136664796950202E-0003   3.57825581682132413318044303110708792E-0002   8.63993424651175034051026286748032738E-0002  0.156353547594157264925990098490334452        0.242375681820922954017354640724405316        0.340443815536055119782164087915762149        0.445972525646328168966877674890082698        0.554027474353671831033122325109917302        0.659556184463944880217835912084237851        0.757624318179077045982645359275594684        0.843646452405842735074009901509665548        0.913600657534882496594897371325196726        0.964217441831786758668195569688929121        0.993141904348406169420798633352030498      
   8.77986508293796575795821903454067488E-0003  -3.28311623042934086798688316215848266E-0003   2.43769977190523648369753867532293461E-0003  -1.95809929677580446849837789111829484E-0003   1.61116775847946349648444265711746813E-0003  -1.33052156270291506772693351446037826E-0003   1.08963888466220974785039375877616339E-0003  -8.76302005740451815114376127001349975E-0004   6.84693691039925453930883284839996177E-0004  -5.12348412842921048968187481164335532E-0004   3.58848231298344463716262218571472727E-0004  -2.25331048392672084870452601877247962E-0004   1.14628208600992289517695941404945814E-0004  -3.27274204462017607888581448242859615E-0005
   1.89981535901935692032565753457289921E-0002   2.00395217899400524514083192657341782E-0002  -5.28828692877905772827154588733078511E-0003   3.55141173896972234311116783156496739E-0003  -2.71822648688944300089230331347527547E-0003   2.16386043522498030367910884029964292E-0003  -1.73506996416364108314035850590907450E-0003   1.37711257617749357667294331529095638E-0003  -1.06673647746380315042748249637839608E-0003   7.93568026138729677545338924365307672E-0004  -5.53593219336437327016306954811701690E-0004   3.46681281269539277437669257944662847E-0004  -1.76059960671760509587943072474728165E-0004   5.02217676032972980292477605209659387E-0005
   1.68552230279503139456460219204178247E-0002   4.35673907696408731646233759168725444E-0002   3.03796426719757961723537022680943992E-0002  -6.93923175519035119345305019602203637E-0003   4.33440470550090540006755914464340857E-0003  -3.16351532295943580063171436088814413E-0003   2.42277289054359102627535965472387272E-0003  -1.87121355051888424772368728276109710E-0003   1.42453006383964222688942439349485298E-0003  -1.04760430312298289632470226583387021E-0003   7.25153252625853259256047396924718126E-0004  -4.51771845981418753779397766855707960E-0004   2.28683634142081114593321789360774090E-0004  -6.51217733284800126896319373710702722E-0005
   1.79971729465900660094843746827235439E-0002   3.82681743915636711701172340552457273E-0002   6.61233345536871905749021814089417300E-0002   3.93007917895483836424004846559806952E-0002  -8.23373536491335826742210350289476253E-0003   4.85948742725785845997735856908662132E-0003  -3.39128378072244485517029851666325938E-0003   2.49119959912946624822510381856292414E-0003  -1.84021037875169195812940290872499063E-0003   1.32745819947615736530485315119393954E-0003  -9.07277121182312713726071572435621110E-0004   5.60545874372256964826230090781665805E-0004  -2.82277859465565741926729500487611001E-0004   8.01673175675880271268840590187723315E-0005
   1.72547617984066298930832342738332792E-0002   4.12533979917853903899376777087569356E-0002   5.79204623738544047817452791919695978E-0002   8.55778714769197311989090537154421597E-0002   4.63845993694844534354291475312608252E-0002  -9.12812000306882147124445709481231667E-0003   5.12982390658682692428320009929060968E-0003  -3.42399508689323368479917773960952029E-0003   2.40100771220400841219767118393552683E-0003  -1.67859385926087166843659137677088487E-0003   1.12473016941185443769237507083376386E-0003  -6.86129552116775559003003408174790576E-0004   3.42844909038254845086894540873844130E-0004  -9.69793854288979175266629724316116277E-0005
   1.77874472666498987219915789897203714E-0002   3.92337598958662474135725228744607320E-0002   6.26327197421615393472331900914545240E-0002   7.48787154811760310330609299933977478E-0002  0.101022753500743341641028589080350386         5.12996159303239009914810164153158590E-0002  -9.58636975953160870951134850921759753E-0003   5.14289425654003773414845707325737437E-0003  -3.27298200285945016047811109922144695E-0003   2.17096714651606515875789781948802225E-0003  -1.40979076807348690067732075972367075E-0003   8.43606984771863475085728612174892887E-0004  -4.16706606795931371592766062973645132E-0004   1.17184468566671408063723397267531809E-0004
   1.73819598204594481529414082955170029E-0002   4.07251338880214787650397745445953942E-0002   5.93916061259882977498028646063154659E-0002   8.10781747135810532747494681898886919E-0002   8.83477443625841108910902653689129148E-0002  0.111737358469799304747462009589540240         5.38159633657894475489691108290374949E-0002  -9.58944502746706154293216025287844690E-0003   4.90242083631428848742035750691043387E-0003  -2.95118084701215774738375533809378604E-0003   1.81927648653469995209335198495766116E-0003  -1.05631852469745200915360223396441004E-0003   5.12797239918080511166826616527701300E-0004  -1.42965263485369814388244817198234917E-0004
   1.77026954293613013303046828862245786E-0002   3.95662463399620243916498119149696859E-0002   6.18156038686490443538610067701861268E-0002   7.67823070925620673327076173269774875E-0002   9.57203795859810646182420504006613173E-0002   9.76968110243335134955416753237012357E-0002  0.117221371759045956640870381911022763         5.38159633657894475489691108290541421E-0002  -9.13812660915150276449997675891453299E-0003   4.42145437638479597976802969364786511E-0003  -2.47659113448428598994849887794689145E-0003   1.36767921796329459490453992989320456E-0003  -6.46090308141373862223136013099859140E-0004   1.77770345416483362975029773522103133E-0004
   1.74425456973092601078527146717480390E-0002   4.04957501866760362744094045944682736E-0002   5.99156783591797288696216759240607280E-0002   8.00113743471702541854782900716564585E-0002   9.05982315924528417121003972430791091E-0002  0.105872213863507252143440143929837267        0.102489032475038857363789764584867362        0.117218296491110503807449570167367715         5.12996159303239009914810164152667357E-0002  -8.25355476177443477017029401779049538E-0003   3.72286809792073625174003931854834234E-0003  -1.87343439820994700252578555525278449E-0003   8.45283684013857489244115657026618940E-0004  -2.27717100773967206075140920667007055E-0004
   1.76567095513048294334431010414390306E-0002   3.97361986708418500577297439906135498E-0002   6.14454148960683679037104079444262255E-0002   7.74768534096849128471085942410949198E-0002   9.44477925982297785392948864393435020E-0002  0.100198224148443793570764361646672487        0.111055921818472128782737399397746652        0.102502102824992068173655021558822577        0.111727351863716623454206489925476453         4.63845993694844534354291475312468622E-0002  -6.97628789782296391410808440349760685E-0003   2.83882297009718756296212534423459826E-0003  -1.17435441190528548712103917728389876E-0003   3.04968367469301622833203795234605747E-0004
   1.74795628483083434887895540099823601E-0002   4.03613214393456706447433680319673922E-0002   6.01987394695793353798811744454815790E-0002   7.95088607002790799985270408843652730E-0002   9.14417405394927495055534419113785092E-0002  0.104439442239399493941091435739333903        0.105140727132449428849713117839571179        0.111023210512301339953108520174784793         9.77397444333899435229846742615326654E-0002  0.101002934103882265138280398565508211         3.93007917895483836424004846558937816E-0002  -5.36404920973559823019477687273081054E-0003   1.81086918831643373269940447621292828E-0003  -4.37442780714134493567936613643621167E-0004
   1.76248519392044115286060700063678121E-0002   3.98503599457380237882233167421115510E-0002   6.12110571899330110984868023031281744E-0002   7.78764303264709140255449219150063128E-0002   9.38168030420918897671829973284066633E-0002  0.101174701796808159756072608437114346        0.109503140282097779345661908940892965        0.105209153841035304071662862003402600        0.105762747183607237783593747191499445         8.84347940334680014707907359179378404E-0002   8.55408153342871184782540195080098775E-0002   3.03796426719757961723537022680405514E-0002  -3.48834718976076826180673738542080898E-0003   7.04507137925617570270416148669581973E-0004
   1.75095083982726342178871903084733629E-0002   4.02551035405518654124045816039396748E-0002   6.04126040626820530672697352783370479E-0002   7.91551767984332046118172762667397728E-0002   9.19756307128301771933129561382140771E-0002  0.103665968338111605133389515326979478        0.106254814155401401521265278342850139        0.109366996695742536181078580164024571        0.100435371425422821679282923990326883         9.54874252258583498717505983760275422E-0002   7.50501718401270449416898014804170516E-0002   6.60475722727306500729789504235809071E-0002   2.00395217899400524514083192656181168E-0002  -1.43842342431763768734013727663099678E-0003
   1.75924575863221332767052962138164293E-0002   3.99644153712791126132989425900589277E-0002   6.09846163923442644295778571381574935E-0002   7.82427353477984228210847070933655236E-0002   9.32815471518118279198264825437325255E-0002  0.101914538169607876529031149545776738        0.108508228737319346913052597785121262        0.106542287846916685350087827899366461        0.103929753423350717050688966345053538         9.11580309804894433743738524054760316E-0002   8.05596828758725717532993472030298052E-0002   5.83215855720463558610098658609981827E-0002   4.33621598103094457708035216935518165E-0002   8.77986508293796575795821903449331205E-0003
