          13
   2.03907061E-02   4.59737331E-02   6.94375560E-02   8.90740603E-02  0.103907123      0.113141842      0.116275780      0.113141842      0.103907123       8.90740603E-02   6.94375560E-02   4.59737331E-02   2.03907061E-02
   7.91227818E-03   4.11950052E-02   9.92132425E-02  0.178825080      0.275753438      0.384770989      0.500000000      0.615229011      0.724246562      0.821174920      0.900786757      0.958804965      0.992087722    
   1.01287011E-02  -3.77720152E-03   2.78799539E-03  -2.22033355E-03   1.80471793E-03  -1.46562606E-03   1.17327005E-03  -9.14419012E-04   6.83332037E-04  -4.78289090E-04   3.00225103E-04  -1.52716704E-04   4.36174778E-05
   2.19086278E-02   2.30136886E-02  -6.03075558E-03   4.01476026E-03  -3.03539378E-03   2.37633777E-03  -1.86272268E-03   1.43296132E-03  -1.06180343E-03   7.39030715E-04  -4.62180091E-04   2.34557257E-04  -6.69116271E-05
   1.94436889E-02   5.00494838E-02   3.47490199E-02  -7.87971728E-03   4.86558676E-03  -3.49421171E-03   2.61715311E-03  -1.95998070E-03   1.42795267E-03  -9.82995611E-04   6.10368559E-04  -3.08396237E-04   8.77742277E-05
   2.07717512E-02   4.39500734E-02   7.55955875E-02   4.45225239E-02  -9.20074899E-03   5.33885928E-03  -3.64280189E-03   2.59482651E-03  -1.83487241E-03   1.23964308E-03  -7.60602299E-04   3.81521735E-04  -1.08182401E-04
   1.99318249E-02   4.73633781E-02   6.62351549E-02   9.69426855E-02   5.19972667E-02  -1.00821825E-02   5.54982899E-03  -3.59726418E-03   2.41795462E-03  -1.58534944E-03   9.55043361E-04  -4.73857246E-04   1.33624155E-04
   2.05638856E-02   4.50277738E-02   7.16248006E-02   8.48181844E-02  0.113178365       5.65709956E-02  -1.03291860E-02   5.37734246E-03  -3.28038330E-03   2.04191706E-03  -1.19368057E-03   5.82111184E-04  -1.62745710E-04
   2.01177672E-02   4.67201285E-02   6.79359809E-02   9.18276310E-02   9.89989936E-02  0.123181187       5.81924468E-02  -1.00852568E-02   4.95616393E-03  -2.80761626E-03   1.56277523E-03  -7.42121774E-04   2.04843687E-04
   2.05043368E-02   4.53842394E-02   7.06909522E-02   8.69814828E-02  0.107230879      0.107726291      0.126637191       5.65980077E-02  -9.22581740E-03   4.20530979E-03  -2.13191542E-03   9.66648222E-04  -2.61203531E-04
   2.02246197E-02   4.64339629E-02   6.85351118E-02   9.06151831E-02  0.101527974      0.116702788      0.110763371      0.123176999       5.20169996E-02  -7.90560618E-03   3.24434112E-03  -1.34966266E-03   3.51695780E-04
   2.04792060E-02   4.55796383E-02   7.02353194E-02   8.78055170E-02  0.105765104      0.110527731      0.119935378      0.107788540      0.113110654       4.45990525E-02  -6.12170948E-03   2.07714667E-03  -5.03374322E-04
   2.02930421E-02   4.62721400E-02   6.88517392E-02   9.00366902E-02  0.102497607      0.115083493      0.113678753      0.116611779       9.90739018E-02   9.68931839E-02   3.48034017E-02  -4.00764681E-03   8.12056824E-04
   2.04538647E-02   4.57339771E-02   6.99113384E-02   8.83249417E-02  0.104978703      0.111698575      0.118150070      0.110752039      0.106957719       8.50455314E-02   7.54380003E-02   2.31452938E-02  -1.66444865E-03
   2.03455389E-02   4.61283885E-02   6.91337362E-02   8.95597339E-02  0.103212230      0.114072382      0.115081258      0.114634596      0.102067813       9.13401917E-02   6.65807724E-02   4.98501435E-02   1.02057057E-02
