   2.3587668193204823E-002   5.3469662997640784E-002   8.0039164271667962E-002  0.10158371336153194       0.11674626826917685       0.12457352290670154       0.12457352290670154       0.11674626826917685       0.10158371336153194        8.0039164271667962E-002   5.3469662997640784E-002   2.3587668193204823E-002
   9.2196828766398786E-003   4.7941371814761657E-002  0.11504866290284615       0.20634102285669104       0.31608425050090982       0.43738329574426571       0.56261670425573429       0.68391574949909018       0.79365897714330891       0.88495133709715379       0.95205862818523834       0.99078031712336012     
   1.1793834096625369E-002  -4.3799021576780952E-003   3.2105696412555408E-003  -2.5286807629144414E-003   2.0232451989479153E-003  -1.6073590208861453E-003   1.2477447519261993E-003  -9.3049983662967363E-004   6.5062478877524947E-004  -4.0823788255803342E-004   2.0761510848022385E-004  -5.9271048705633184E-005
   2.5519823232618116E-002   2.6734831498828989E-002  -6.9657036625581188E-003   4.5873772234660626E-003  -3.4148783132586951E-003   2.6158011723140724E-003  -1.9887360414749108E-003   1.4642593652586455E-003  -1.0155296188911747E-003   6.3388072966699953E-004  -3.2134133725203429E-004   9.1587566036402282E-005
   2.2641508246441962E-002   5.8123057754688776E-002   4.0019582135822705E-002  -8.9663280460094297E-003   5.4488048981625216E-003  -3.8283982677795830E-003   2.7815691656168174E-003  -1.9943571019264989E-003   1.3606262507645131E-003  -8.4055383998389468E-004   4.2346005614103357E-004  -1.2030834911029106E-004
   2.4174826122677205E-002   5.1055048429394893E-002   8.7103853872395276E-002   5.0791856680756760E-002  -1.0357747021700160E-002   5.8886796961899260E-003  -3.9020437062101533E-003   2.6638869906998293E-003  -1.7659336608148836E-003   1.0720555923158942E-003  -5.3453476634600188E-004   1.5107462730108720E-004
   2.3178887363366665E-002   5.5033673524894737E-002   7.6303560583479313E-002  0.11059623616095825        5.8373134134560849E-002  -1.1075419981768664E-002   5.9169088296557497E-003  -3.6759749851900995E-003   2.3179116258042888E-003  -1.3672957437013296E-003   6.7062918551648190E-004  -1.8800019671449841E-004
   2.3892017386915099E-002   5.2346904293493597E-002   8.2498930927553948E-002   9.6781778436866667E-002  0.12712579292429455        6.2286761453322771E-002  -1.1081917729121003E-002   5.5451351895147247E-003  -3.1819288732209375E-003   1.7871732787614726E-003  -8.5360872397088330E-004   2.3625717978910659E-004
   2.3351411013428160E-002   5.4323271721628721E-002   7.8251990992906306E-002  0.10476564223475729       0.11120113307966219       0.13565544063581780        6.2286761453308644E-002  -1.0379524655120553E-002   4.8019349246710454E-003  -2.4597666558863677E-003   1.1227587041679177E-003  -3.0434919369247562E-004
   2.3775668389927396E-002   5.2799033812137415E-002   8.1406460015368637E-002   9.9265801735731851E-002  0.12042224325436555       0.11865661407704750       0.13564894288846227        5.8373134134544515E-002  -9.0125227994184709E-003   3.7356036881875452E-003  -1.5640105272302807E-003   4.0878082986219413E-004
   2.3436593565908704E-002   5.4004197763995065E-002   7.8967108679352749E-002  0.10334964702234782       0.11408238127847917       0.12847556661290829       0.11868484321051663       0.12710401529085996        5.0791856680715432E-002  -7.0646896007235584E-003   2.4146145682688363E-003  -5.8715792944086557E-004
   2.3707976542317547E-002   5.3046202941505000E-002   8.0879718111651150E-002  0.10022308711076978       0.11874062537110187       0.12179195374108680       0.12840192117447824       0.11129746337101699       0.11055004140752513        4.0019582135786907E-002  -4.6533947570207733E-003   9.4615994680048178E-004
   2.3496080627169603E-002   5.3791004334894268E-002   7.9405283542002270E-002  0.10259924298042160       0.11528200890392126       0.12656225894817230       0.12195772173439311       0.12016114658242733        9.6996336138075651E-002   8.7004867934198760E-002   2.6734831498783009E-002  -1.9321550393655675E-003
   2.3646939241910400E-002   5.3262047889161793E-002   8.0447402154224398E-002  0.10093308857275936       0.11767676810580288       0.12332577815478026       0.12618088192758128       0.11472302307023691       0.10411239412443603        7.6828594630424935E-002   5.7849565155291702E-002   1.1793834096599398E-002
