          16
   1.3576229705329236E-002   3.1126761969231184E-002   4.7579255841360475E-002   6.2314485627769978E-002   7.4797994408298152E-002   8.4578259697500893E-002   9.1301707522462458E-002   9.4725305227534307E-002   9.4725305227534307E-002   9.1301707522462458E-002   8.4578259697500893E-002   7.4797994408298152E-002   6.2314485627769978E-002   4.7579255841360475E-002   3.1126761969231184E-002   1.3576229705329236E-002
   5.2995325041748087E-003   2.7712488463383478E-002   6.7184398806084067E-002  0.12229779582249845       0.19106187779867828       0.27099161117138643       0.35919822461037088       0.45249374508118134       0.54750625491881866       0.64080177538962912       0.72900838882861363       0.80893812220132166       0.87770220417750155       0.93281560119391593       0.97228751153661652       0.99470046749582519     
   6.7881148529310969E-003  -2.5498156016633250E-003   1.9090991781343127E-003  -1.5529395863524789E-003   1.3003863616716908E-003  -1.0994139781032696E-003   9.2881038245998086E-004  -7.7840029263702697E-004   6.4291307305737368E-004  -5.1959176461663728E-004   4.0712132101982848E-004  -3.0511283873396283E-004   2.1386873942281638E-004  -1.3434275155844002E-004   6.8351093137968363E-005  -1.9515684000557900E-005
   1.4688355739071240E-002   1.5563380984663547E-002  -4.1413271759800597E-003   2.8162406633020021E-003  -2.1934548256865678E-003   1.7874391815435240E-003  -1.4782998956760914E-003   1.2224834918953273E-003  -1.0007893356625899E-003   8.0388482228339745E-004  -6.2715162894773000E-004   4.6855460299353253E-004  -3.2770601746485301E-004   2.0553364177163877E-004  -1.0446775626341408E-004   2.9811971512122001E-005
   1.3031488756945655E-002   3.3836054138067118E-002   2.3789627920558897E-002  -5.5018926339781993E-003   3.4965221728030945E-003  -2.6118396911173213E-003   2.0626223013238457E-003  -1.6592708237865355E-003   1.3344517508671425E-003  -1.0591002356737519E-003   8.1936072861260752E-004  -6.0852928972584695E-004   4.2381601617285985E-004  -2.6504093524639625E-004   1.3446189165676595E-004  -3.8333261464833698E-005
   1.3914562989459485E-002   2.9720019188939299E-002   5.1780140348338471E-002   3.1157242813862628E-002  -6.6399173645065807E-003   4.0095350514763152E-003  -2.8842281633859332E-003   2.2057179587057947E-003  -1.7202214642145777E-003   1.3382025183888888E-003  -1.0212776989060402E-003   7.5132823097874991E-004  -5.1980880040729358E-004   3.2359812426202821E-004  -1.6369271283966626E-004   4.6594802221302687E-005
   1.3340202736113655E-002   3.2039555778800112E-002   4.5355106325783261E-002   6.7846225328218018E-002   3.7398997203995671E-002  -7.5271621138459852E-003   4.3579823192017439E-003  -3.0262384236914978E-003   2.2386097675367615E-003  -1.6860315401774095E-003   1.2598276944863543E-003  -9.1365083572713594E-004   6.2593432645237064E-004  -3.8708752810362993E-004   1.9498634571867596E-004  -5.5379586278809422E-005
   1.3752704094721742E-002   3.0468942878150121E-002   4.9048538719828290E-002   5.9360391807141477E-002   8.1454747948902992E-002   4.2289129848656078E-002  -8.1360284457266552E-003   4.5370736866914277E-003  -3.0426448597315023E-003   2.1712009507294343E-003  -1.5696206873408480E-003   1.1141466517152689E-003  -7.5244388709526605E-004   4.6092901264662849E-004  -2.3080635074452447E-004   6.5349802563615324E-005
   1.3438119001556240E-002   3.1630746946535282E-002   4.6504379622063288E-002   6.4283005158412815E-002   7.1227761758796956E-002   9.2115151892220387E-002   4.5650853760999179E-002  -8.4464279351978248E-003   4.5438011991825421E-003  -2.9374365211571702E-003   2.0113139485099761E-003  -1.3812641749729579E-003   9.1333890526566492E-004  -5.5191959101215566E-004   2.7406203227291160E-004  -7.7261393473005593E-005
   1.3687791670423178E-002   3.0725053549820271E-002   4.8412685417848399E-002   6.0863467025087860E-002   7.7187604704578291E-002   8.0527200736951049E-002   9.9442861473851896E-002   4.7362652613553352E-002  -8.4480334210628363E-003   4.3795774226953509E-003  -2.7167144671068040E-003   1.7676746511957452E-003  -1.1316375856545286E-003   6.7027729402176152E-004  -3.2885965748969797E-004   9.2143652003630152E-005
   1.3484086053479741E-002   3.1455621626936034E-002   4.6908978547191157E-002   6.3446123213460950E-002   7.3030319757065518E-002   8.7294974164626699E-002   8.6922130099756773E-002  0.10317333864861361        4.7362652613447555E-002  -8.1411539513952819E-003   4.0510589605780621E-003  -2.3896102963294843E-003   1.4510186027328776E-003  -8.3342957666283435E-004   4.0170841964447051E-004  -1.1156196488926057E-004
   1.3653491098914051E-002   3.0852699937142614E-002   4.8131175432257832E-002   6.1401146722525023E-002   7.6179258583248768E-002   8.2566945748997436E-002   9.4239144043621687E-002   9.0181504028340728E-002  0.10317173316277416        4.5650853760884916E-002  -7.5368921946649082E-003   3.5702326494371057E-003  -1.9685195305797179E-003   1.0748762191038054E-003  -5.0398497706728934E-004   1.3811070403506114E-004
   1.3510879902843385E-002   3.1357568320121605E-002   4.7118326828632602E-002   6.3066929514871625E-002   7.3683847756574633E-002   8.6147880384836353E-002   8.9130506571745760E-002   9.7767950087244967E-002   9.0188231540873590E-002   9.9437735968180438E-002   4.2289129848331192E-002  -6.6567535406499134E-003   2.9540938206853149E-003  -1.4692828786609141E-003   6.5781909130258661E-004  -1.7647438906807868E-004
   1.3631609291658830E-002   3.0931775623619512E-002   4.7966343369409546E-002   6.1688551301318756E-002   7.5711645244020645E-002   8.3318432003010520E-002   9.2987739062647443E-002   9.2486695459986057E-002   9.7751543651241155E-002   8.6943725203246086E-002   9.2105421811409779E-002   3.7398997203678237E-002  -5.5317397003701767E-003   2.2241495153836736E-003  -9.1279380936976279E-004   2.3602696960101143E-004
   1.3529634903138986E-002   3.1290454682139056E-002   4.7255657717069459E-002   6.2834294428169526E-002   7.4046666177326428E-002   8.5599537396391617E-002   8.9963505004094169E-002   9.6445526691721850E-002   9.2519587268863196E-002   9.4185935685804439E-002   8.0568724646092466E-002   8.1437911772772070E-002   3.1157242813367573E-002  -4.2008845071102299E-003   1.4067427804441807E-003  -3.3833328368428154E-004
   1.3614562966809476E-002   3.0992300077615418E-002   4.7844296776586200E-002   6.1890669611601223E-002   7.5406523698014774E-002   8.3758898968897863E-002   9.2360807758123678E-002   9.3390853476682772E-002   9.6384576051301504E-002   8.9239085221163000E-002   8.7190099388589057E-002   7.1301472235552180E-002   6.7816378261735241E-002   2.3789627920082834E-002  -2.7092921686627377E-003   5.4474094886585388E-004
   1.3546417733824732E-002   3.1231229725506401E-002   4.7373722199590976E-002   6.2642191645219780E-002   7.4329439805324568E-002   8.5205411326420788E-002   9.0497822700214822E-002   9.5726094563151828E-002   9.3502821735694963E-002   9.2780007418069202E-002   8.2790820516045360E-002   7.6991449233872120E-002   5.9498244964656097E-002   5.1720583017054407E-002   1.5563380984158078E-002  -1.1121260331857193E-003
   1.3595745389329505E-002   3.1058410876101519E-002   4.7713598592907504E-002   6.2100616888363082E-002   7.5103107247008985E-002   8.4171138376511731E-002   9.1821299287039929E-002   9.4082392154525463E-002   9.5503705520112697E-002   9.0372897140072461E-002   8.5677673675521343E-002   7.3497608046724922E-002   6.3867425214007303E-002   4.5670156663386613E-002   3.3676577570566142E-002   6.7881148526248393E-003
