          25
   5.6968960670301010E-003   1.3177496850087247E-002   2.0469575850986407E-002   2.7452349448015740E-002   3.4019166558196812E-002   4.0070350262268718E-002   4.5514130983615252E-002   5.0267974534041748E-002   5.4259812237182854E-002   5.7429129572862378E-002   5.9727881767893364E-002   6.1121221495155038E-002   6.1588026863357723E-002   6.1121221495155038E-002   5.9727881767893364E-002   5.7429129572862378E-002   5.4259812237182854E-002   5.0267974534041748E-002   4.5514130983615252E-002   4.0070350262268718E-002   3.4019166558196812E-002   2.7452349448015740E-002   2.0469575850986407E-002   1.3177496850087247E-002   5.6968960670301010E-003
   2.2215150556597618E-003   1.1668039393198271E-002   2.8512714254741445E-002   5.2504001144388190E-002   8.3278685585278178E-002  0.12037036849030952       0.16321681576184544       0.21116853487950960       0.26349863427713788       0.31941384709530585       0.37806655813950607       0.43856765369464479       0.50000000000000000       0.56143234630535521       0.62193344186049393       0.68058615290469415       0.73650136572286207       0.78883146512049040       0.83678318423815456       0.87962963150969053       0.91672131441472182       0.94749599885561175       0.97148728574525856       0.98833196060680173       0.99777848494434029     
   2.8484495357848812E-003  -1.0794804848288924E-003   8.2143233842459692E-004  -6.8444366354106039E-004   5.9214336293042318E-004  -5.2227310263753028E-004   4.6551896001024068E-004  -4.1720181504781420E-004   3.7469522120696456E-004  -3.3641360158431197E-004   3.0135194479844894E-004  -2.6885312380497891E-004   2.3848067088329763E-004  -2.0994490505475832E-004   1.8305803370086604E-004  -1.5770598259846945E-004   1.3383047670945152E-004  -1.1141785844056239E-004   9.0492809978440737E-005  -7.1116284109897909E-005   5.3388044370483949E-005  -3.7455931699779806E-005   2.3538064701124806E-005  -1.1977723422223463E-005   3.4200647499928594E-006
   6.1635806482407329E-003   6.5887469308720543E-003  -1.7817806546326670E-003   1.2410567094482123E-003  -9.9856815781976076E-004   8.4880085848622008E-004  -7.4052738841489697E-004   6.5474113919117597E-004  -5.8270696600899979E-004   5.1983502064028306E-004  -4.6348885949525797E-004   4.1206050340231556E-004  -3.6453091715654744E-004   3.2024163497535764E-004  -2.7876769007852570E-004   2.3984319134195812E-004  -2.0331625645378306E-004   1.6912153158768885E-004  -1.3726425915728375E-004   1.0781311078144952E-004  -8.0901437977248195E-005   5.6739602078283280E-005  -3.5647464472360088E-005   1.8136756712655170E-005  -5.1782148516996607E-006
   5.4682859248112682E-003   1.4324532267185990E-002   1.0234788690318641E-002  -2.4241136960602566E-003   1.5911990454856926E-003  -1.2395318252989998E-003   1.0323041684627873E-003  -8.8756185832452933E-004   7.7567434165006757E-004  -6.8337074590672201E-004   6.0384651951115513E-004  -5.3327965722617659E-004   4.6938546513774744E-004  -4.1074187400404302E-004   3.5644516329397230E-004  -3.0592192091799644E-004   2.5882108189065171E-004  -2.1495013639884179E-004   1.7423774702321438E-004  -1.3671410040153590E-004   1.0250580293031995E-004  -7.1847161863574537E-005   4.5118470742373932E-005  -2.2948401281350926E-005   6.5508903214935476E-006
   5.8389346136119621E-003   1.2581769734589365E-002   2.2277095223056115E-002   1.3726174453418845E-002  -3.0205576094160819E-003   1.9014789073865067E-003  -1.4418390569726962E-003   1.1778839544453301E-003  -9.9760319187013448E-004   8.6081660821733786E-004  -7.4967877109774169E-004   6.5511897219614542E-004  -5.7208658424681908E-004   4.9758793153052716E-004  -4.2977480649637777E-004   3.6748233472226437E-004  -3.0997857526965622E-004   2.5682239310068479E-004  -2.0778118933321863E-004   1.6278504551270787E-004  -1.2190680325625984E-004   8.5366695939135010E-005  -5.3572162706033618E-005   2.7235768776103421E-005  -7.7728402608140964E-006
   5.5977379074046872E-003   1.3564293812955182E-002   1.9512141928805703E-002   2.9889838721879454E-002   1.7009582903645341E-002  -3.5673323116893097E-003   2.1758939027961273E-003  -1.6129256463098154E-003   1.2946158484535462E-003  -1.0804413787525704E-003   9.2015660847632173E-004  -7.9151888801968866E-004   6.8326132262013558E-004  -5.8913292475119535E-004   5.0544237336702473E-004  -4.2992009969974599E-004   3.6114314319426766E-004  -2.9822514947236764E-004   2.4064230772030172E-004  -1.8813535010026039E-004   1.4065978034381971E-004  -9.8374737155466921E-005   6.1678479007945967E-005  -3.1337564097938684E-005   8.9404379286194296E-006
   5.7711518564134180E-003   1.2898357854697720E-002   2.1102781752462576E-002   2.6149638277500799E-002   3.7047781986664703E-002   2.0035175384349242E-002  -4.0579646079466868E-003   2.4134636095353565E-003  -1.7542583959217707E-003   1.3853065428234594E-003  -1.1396573828527914E-003   9.5771732473698792E-004  -8.1314672490099377E-004   6.9262452114098516E-004  -5.8877291636280497E-004   4.9724444276648188E-004  -4.1537434754075354E-004   3.4150119081592011E-004  -2.7460279241099238E-004   2.1409505038635590E-004  -1.5972434894643910E-004   1.1152465001291978E-004  -6.9839196582853694E-005   3.5455310552220121E-005  -1.0110777617036187E-005
   5.6386309757500384E-003   1.3391895087568927E-002   2.0005308152157581E-002   2.8322009435364923E-002   3.2392811982336407E-002   4.3642956439031932E-002   2.2757064960811098E-002  -4.4858054061562846E-003   2.6120190527932517E-003  -1.8655924151226289E-003   1.4507920223266202E-003  -1.1767593101527918E-003   9.7544159547174436E-004  -8.1678822033794162E-004   6.8561558982359935E-004  -5.7352442804332318E-004   4.7557487770686805E-004  -3.8875043306186755E-004   3.1118606576150467E-004  -2.4175844243066148E-004   1.7986613473202888E-004  -1.2532545460987941E-004   7.8361883937618946E-005  -3.9741465932150844E-005   1.1326774949521778E-005
   5.7441805280895545E-003   1.3005856748329464E-002   2.0831001191810316E-002   2.6809082657184263E-002   3.5110724057484152E-002   3.8146495134693287E-002   4.9575713556723681E-002   2.5133987427228371E-002  -4.8447719413266879E-003   2.7692942765372127E-003  -1.9462482526302731E-003   1.4912813203739612E-003  -1.1925209469246690E-003   9.7448486034754783E-004  -8.0386498484047843E-004   6.6384526994152588E-004  -5.4513530198932133E-004   4.4228521286480423E-004  -3.5198644237297542E-004   2.7222247397149109E-004  -2.0182582577173234E-004   1.4025585708085517E-004  -8.7529692876727884E-005   4.4334352909543818E-005  -1.2627054740609328E-005
   5.6575582989447050E-003   1.3319009624346149E-002   2.0176953648556980E-002   2.7957078473080772E-002   3.3207483394406746E-002   4.1365853520897902E-002   4.3323120521313374E-002   5.4756321803593855E-002   2.7129905490117005E-002  -5.1296431872379401E-003   2.8833224661823013E-003  -1.9955805301558162E-003   1.5068621712401508E-003  -1.1874982962486679E-003   9.5572544605494801E-004  -7.7548788856390740E-004   6.2859922826331784E-004  -5.0503005986151132E-004   3.9892097192049437E-004  -3.0674983575108773E-004   2.2642519742930889E-004  -1.5683128575553663E-004   9.7640553593718535E-005  -4.9377202388505672E-005   1.4051257262389100E-005
   5.7302703359135175E-003   1.3058214474993448E-002   2.0713152882986325E-002   2.7040860157857383E-002   3.4659184960842082E-002   3.9103773233638138E-002   4.6992662833992595E-002   4.7843999576396797E-002   5.9106367849802374E-002   2.8714564859256792E-002  -5.3362356814701389E-003   2.9526287581833443E-003  -2.0131951851594609E-003   1.4977337143441598E-003  -1.1622687013200710E-003   9.2000346148300900E-004  -7.3269165846628881E-004   5.8106675477527416E-004  -4.5453374101567565E-004   3.4694517820462719E-004  -2.5467093597824638E-004   1.7566439699834323E-004  -1.0904040132332220E-004   5.5033613579148230E-005  -1.5644244335858415E-005
   5.6681551318885229E-003   1.3279751662588497E-002   2.0262630848487020E-002   2.7796918971230673E-002   3.3495072979390174E-002   4.0834926241239515E-002   4.4408590543052275E-002   5.1905969689572271E-002   5.1640456265007649E-002   6.2559989260519200E-002   2.9863940080380444E-002  -5.4614956587567733E-003   2.9763146840543204E-003  -1.9990418761294967E-003   1.4643065056078822E-003  -1.1175359462135550E-003   8.6822904581674827E-004  -6.7654580615738517E-004   5.2245610456280527E-004  -3.9499687156401800E-004   2.8788443754129218E-004  -1.9753458252079562E-004   1.2215871875669566E-004  -6.1503236418850585E-005   1.7460236060627746E-005
   5.7219570464255923E-003   1.3088655817231228E-002   2.0648173412675861E-002   2.7158105172777409E-002   3.4459713623362191E-002   3.9442483063912445E-002   4.6390408251015432E-002   4.9041499758958093E-002   5.6031370421271626E-002   5.4654858323027883E-002   6.5064875256636678E-002   3.0560610751245734E-002  -5.5035756035424236E-003   2.9541172047072590E-003  -1.9534716464938754E-003   1.4072615703216557E-003  -1.0541912917811213E-003   8.0144640199733249E-004  -6.0822446836785165E-004   4.5407647995865966E-004  -3.2790282054439624E-004   2.2348961562070079E-004  -1.3755806292506999E-004   6.9042841888997163E-005  -1.9568250106865072E-005
   5.6748384781983826E-003   1.3255490402190425E-002   2.0313570704781098E-002   2.7707352158146785E-002   3.3641754843968155E-002   4.0599400028127376E-002   4.4793269369113438E-002   5.1241307486409371E-002   5.2932247081316983E-002   5.9306378771074038E-002   5.6841459863581731E-002   6.6583083051930073E-002   3.0794012428290999E-002  -5.4618605339583140E-003   2.8864209202798261E-003  -1.8772481973404775E-003   1.3275641220306625E-003  -9.7333186876748614E-004   7.2086046405355961E-004  -5.2904859860607471E-004   3.7741068166011416E-004  -2.5500268911309292E-004   1.5600631848124800E-004  -7.7995708803350704E-005   2.2059481969038064E-005
   5.7164659936334147E-003   1.3108452131630631E-002   2.0607134808773825E-002   2.7228860118757730E-002   3.4347068151988382E-002   3.9616275100001756E-002   4.6122354185701646E-002   4.9466529303407558E-002   5.5314002432369183E-002   5.6021869041541245E-002   6.1681352421247282E-002   5.8167105242956811E-002   6.7091601612061971E-002   3.0560610622855259E-002  -5.3369943811061383E-003   2.7742721787526736E-003  -1.7715591309860345E-003   1.2264757514872143E-003  -8.7627828666833824E-004   6.2786820566951805E-004  -4.4054790339205925E-004   2.9424405198005089E-004  -1.7859615044667451E-004   8.8838631685260881E-005  -2.5058885146263526E-005
   5.6794372800831891E-003   1.3238998514988564E-002   2.0347417731086864E-002   2.7649884576197822E-002   3.3731280725790222E-002   4.0465348572059461E-002   4.4991673525338401E-002   5.0944521575988624E-002   5.3391582047938368E-002   5.8546666591002688E-002   5.8263574246159050E-002   6.3120264345070370E-002   5.8611711232202664E-002   6.6582718174812441E-002   2.9863939746827294E-002  -5.1308588124071106E-003   2.6193551161976646E-003  -1.6379942887399886E-003   1.1055395497035385E-003  -7.6457512116947027E-004   5.2409291411874748E-004  -3.4456995153094375E-004   2.0694660475621584E-004  -1.0225741918468007E-004   2.8743212743267934E-005
   5.7125415302989486E-003   1.3122461975013109E-002   2.0578616569636051E-002   2.7276685808416731E-002   3.4273835999171359E-002   3.9723406572200234E-002   4.5968663352454774E-002   4.9686909013588264E-002   5.4992502769212817E-002   5.6509127152203929E-002   6.0890149498751274E-002   5.9623488691597545E-002   6.3601221190281332E-002   5.8168593545226702E-002   6.5064116807287339E-002   2.8714564408112382E-002  -4.8465563862532725E-003   2.4239757374222796E-003  -1.4785326396004211E-003   9.6657776865756234E-004  -6.4001893223618030E-004   4.1148870681220664E-004  -2.4357528807986771E-004   1.1927959986858495E-004  -3.3371826192963893E-005
   5.6828458035110109E-003   1.3226873088434628E-002   2.0371935371433281E-002   2.7609181633584196E-002   3.3792739845343714E-002   4.0377101564428822E-002   4.5115208680558072E-002   5.0773005780777647E-002   5.3631211931978860E-002   5.8204618452639169E-002   5.8772155399757484E-002   6.2308720656767284E-002   6.0081163872879560E-002   6.3116802809235054E-002   5.6844558541829807E-002   6.2558773668838497E-002   2.7129904935656680E-002  -4.4883465945779032E-003   2.1910097803614745E-003  -1.2955026289389396E-003   8.1168274976722138E-004  -5.0472973105007007E-004   2.9262405632845244E-004  -1.4151569255702444E-004   3.9340359800946279E-005
   5.7095239042622226E-003   1.3133161797707913E-002   2.0557105439404835E-002   2.7312094538539378E-002   3.4220990948232798E-002   3.9798129142274721E-002   4.5866116216306478E-002   4.9825690388899592E-002   5.4804946577410737E-002   5.6765285182505308E-002   6.0531745939790556E-002   6.0146737392024155E-002   6.2780547100487194E-002   5.9629940843689486E-002   6.1674129388005539E-002   5.4659835902124344E-002   5.9104583807078566E-002   2.5133986549735102E-002  -4.0615831925715712E-003   1.9238556831057906E-003  -1.0915578323169167E-003   6.4326599777754111E-004  -3.6142340401628000E-004   1.7163706190560321E-004  -4.7281736430592218E-005
   5.6855698835148235E-003   1.3217237837898995E-002   2.0391213755040938E-002   2.7577675808465825E-002   3.3839299150629269E-002   4.0312109879272910E-002   4.5202943881756781E-002   5.0656725875708623E-002   5.3784236543207832E-002   5.8002654746959321E-002   5.9042265488083348E-002   6.1938010359339636E-002   6.0612584662402248E-002   6.2297981379204198E-002   5.8277089196512970E-002   5.9294722521138016E-002   5.1647792673885674E-002   5.4753780718532277E-002   2.2757064293495357E-002  -3.5726057127680772E-003   1.6263543196685455E-003  -8.6966085589958067E-004   4.6426970963364743E-004  -2.1440138625066410E-004   5.8267933920023899E-005
   5.7070072697032329E-003   1.3142041235087868E-002   2.0539414794823189E-002   2.7340825589193370E-002   3.4178889855078852E-002   3.9856256167085581E-002   4.5788732939410735E-002   4.9926474077091609E-002   5.4675185921972728E-002   5.6931885740935023E-002   6.0316654113129316E-002   6.0428597514127429E-002   6.2401173072103473E-002   6.0163504669033856E-002   6.0867538663192979E-002   5.6043823513603111E-002   5.6014070148553606E-002   4.7854511456266825E-002   4.9572095368167972E-002   2.0035174064041528E-002  -3.0286156356298319E-003   1.3027102315514454E-003  -6.3320381770697715E-004   2.7913574741142340E-004  -7.4252843975361785E-005
   5.6879559160897923E-003   1.3208834233241250E-002   2.0407897139861818E-002   2.7550724801886393E-002   3.3878505991758782E-002   4.0258486312282550E-002   4.5273488071455488E-002   5.0566200208396007E-002   5.3898668623620374E-002   5.7859050102784360E-002   5.9222438995842418E-002   6.1710354792693968E-002   6.0904765189868558E-002   6.1912740714922518E-002   5.8807724845134947E-002   5.8509571248648383E-002   5.2965196110762586E-002   5.1880900444872119E-002   4.3338236908042747E-002   4.3637683053039701E-002   1.7009582338866961E-002  -2.4374903266121376E-003   9.5743607564774955E-004  -3.8680029273603075E-004   9.9161189107572261E-005
   5.7046690835656031E-003   1.3150260985796670E-002   2.0523147832388240E-002   2.7366983183615735E-002   3.4141072827384329E-002   3.9907565689027293E-002   4.5721911764206168E-002   5.0011152499649741E-002   5.4569790485604786E-002   5.7061647543544557E-002   6.0157656283861112E-002   6.0623633844128035E-002   6.2160113172881989E-002   6.0466102796261342E-002   6.0477560261793274E-002   5.6568313253581658E-002   5.5257415114482220E-002   4.9090090948374396E-002   4.6955969595824917E-002   3.8168872002162159E-002   3.7039724038863450E-002   1.3726172894495809E-002  -1.8075173424576872E-003   5.9572377757014558E-004  -1.4203546415413813E-004
   5.6903452669788187E-003   1.3200445219451110E-002   2.0424457243550367E-002   2.7524196899091639E-002   3.3916660396913732E-002   4.0207064701583792E-002   4.5339892914424799E-002   5.0482924986322252E-002   5.4000990833294120E-002   5.7735051829593993E-002   5.9371436249449884E-002   6.1531963748324044E-002   6.1118640990483163E-002   6.1654501593611383E-002   5.9124034767867067E-002   5.8112500845870010E-002   5.3484137312569006E-002   5.1155537040017011E-002   4.4481826123363336E-002   4.1309882733856482E-002   3.2427967509281556E-002   2.9876462088850093E-002   1.0234788384965155E-002  -1.1470391073956044E-003   2.2861334463028385E-004
   5.7020743231330018E-003   1.3159360065423630E-002   2.0505223289170614E-002   2.7395609915192340E-002   3.4100067922593222E-002   3.9962537190099116E-002   4.5651395240052281E-002   5.0098852971423233E-002   5.4463128555724577E-002   5.7189286288827024E-002   6.0006649582060409E-002   6.0800979703050768E-002   6.1952557973174914E-002   6.0709160759956637E-002   6.0191370903627354E-002   5.6909294223325774E-002   5.4842519598603624E-002   4.9613232906164061E-002   4.6254659016865415E-002   3.9221548464659681E-002   3.5017736303139806E-002   2.6211290260167292E-002   2.2251359974246227E-002   6.5887447657776675E-003  -4.6668144966873545E-004
   5.6934760163860872E-003   1.3189474546311652E-002   2.0446037824319349E-002   2.7489805324195447E-002   3.3965778598092938E-002   4.0141466422507321E-002   4.5423638340311490E-002   5.0379392180535908E-002   5.4125982019987459E-002   5.7586835245651162E-002   5.9544824097338890E-002   6.1331165980347026E-002   6.1349546672902849E-002   6.1390074073410593E-002   5.9426530439410451E-002   5.7765542479985443E-002   5.3885117798883102E-002   5.0685175462052159E-002   4.5048613041714876E-002   4.0592622168772095E-002   3.3427024656232540E-002   2.8136791330743673E-002   1.9648145612563291E-002   1.4256975073686061E-002   2.8484476602083203E-003
