          12
   2.3587668193176769E-002   5.3469662997672036E-002   8.0039164271672930E-002  0.10158371336153470       0.11674626826917685       0.12457352290670154       0.12457352290670154       0.11674626826917685       0.10158371336153470        8.0039164271672930E-002   5.3469662997672036E-002   2.3587668193176769E-002
   9.2196828766402117E-003   4.7941371814762546E-002  0.11504866290284760       0.20634102285669154       0.31608425050090982       0.43738329574426571       0.56261670425573429       0.68391574949909018       0.79365897714330846       0.88495133709715246       0.95205862818523745       0.99078031712335979     
   1.1793834096626132E-002  -4.3799021576785280E-003   3.2105696412559493E-003  -2.5286807629148109E-003   2.0232451989482020E-003  -1.6073590208863645E-003   1.2477447519263693E-003  -9.3049983662980428E-004   6.5062478877534521E-004  -4.0823788255809116E-004   2.0761510848024860E-004  -5.9271048705639350E-005
   2.5519823232619265E-002   2.6734831498830054E-002  -6.9657036625586080E-003   4.5873772234664772E-003  -3.4148783132589857E-003   2.6158011723142797E-003  -1.9887360414750665E-003   1.4642593652587662E-003  -1.0155296188912660E-003   6.3388072966705288E-004  -3.2134133725205414E-004   9.1587566036406497E-005
   2.2641508246442548E-002   5.8123057754691683E-002   4.0019582135823004E-002  -8.9663280460090325E-003   5.4488048981619951E-003  -3.8283982677790964E-003   2.7815691656164244E-003  -1.9943571019262062E-003   1.3606262507643166E-003  -8.4055383998376469E-004   4.2346005614095751E-004  -1.2030834911026752E-004
   2.4174826122675838E-002   5.1055048429401992E-002   8.7103853872391973E-002   5.0791856680760979E-002  -1.0357747021703148E-002   5.8886796961921169E-003  -3.9020437062118195E-003   2.6638869907010705E-003  -1.7659336608157601E-003   1.0720555923164367E-003  -5.3453476634626469E-004   1.5107462730115968E-004
   2.3178887363361760E-002   5.5033673524908289E-002   7.6303560583471777E-002  0.11059623616096481        5.8373134134559232E-002  -1.1075419981766981E-002   5.9169088296541165E-003  -3.6759749851888114E-003   2.3179116258033729E-003  -1.3672957437007361E-003   6.7062918551616185E-004  -1.8800019671440346E-004
   2.3892017386905936E-002   5.2346904293512853E-002   8.2498930927546510E-002   9.6781778436870747E-002  0.12712579292429388        6.2286761453329502E-002  -1.1081917729126365E-002   5.5451351895182558E-003  -3.1819288732232972E-003   1.7871732787629044E-003  -8.5360872397157849E-004   2.3625717978930001E-004
   2.3351411013414175E-002   5.4323271721653833E-002   7.8251990992897730E-002  0.10476564223476485       0.11120113307965408       0.13565544063583010        6.2286761453306819E-002  -1.0379524655120641E-002   4.8019349246705718E-003  -2.4597666558859184E-003   1.1227587041676330E-003  -3.0434919369238601E-004
   2.3775668389909133E-002   5.2799033812165795E-002   8.1406460015362933E-002   9.9265801735737430E-002  0.12042224325436153       0.11865661407704907       0.13564894288847040        5.8373134134546673E-002  -9.0125227994231148E-003   3.7356036881898876E-003  -1.5640105272313291E-003   4.0878082986247537E-004
   2.3436593565886604E-002   5.4004197764026061E-002   7.8967108679348752E-002  0.10334964702235470       0.11408238127847323       0.12847556661291373       0.11868484321051140       0.12710401529087748        5.0791856680709881E-002  -7.0646896007252429E-003   2.4146145682692852E-003  -5.8715792944095371E-004
   2.3707976542292720E-002   5.3046202941536370E-002   8.0879718111651316E-002  0.10022308711077389       0.11874062537110014       0.12179195374108732       0.12840192117447902       0.11129746337101667       0.11055004140754382        4.0019582135777269E-002  -4.6533947570223822E-003   9.4615994680086679E-004
   2.3496080627142774E-002   5.3791004334926000E-002   7.9405283542004476E-002  0.10259924298042575       0.11528200890391921       0.12656225894817433       0.12195772173439098       0.12016114658243074        9.6996336138075970E-002   8.7004867934222546E-002   2.6734831498765800E-002  -1.9321550393653006E-003
   2.3646939241882353E-002   5.3262047889193899E-002   8.0447402154227313E-002  0.10093308857276473       0.11767676810579901       0.12332577815478526       0.12618088192757493       0.11472302307024505       0.10411239412442841        7.6828594630446237E-002   5.7849565155301853E-002   1.1793834096581362E-002
