   1.20741514342745112004E-0002   2.77297646869940486231E-0002   4.25180741585888546920E-0002   5.59419235967017545631E-0002   6.75681842342627594786E-0002   7.70228805384051391992E-0002   8.40020510782250230149E-0002   8.82813526834963232005E-0002   8.97232351781032627281E-0002   8.82813526834963232005E-0002   8.40020510782250230149E-0002   7.70228805384051391992E-0002   6.75681842342627594786E-0002   5.59419235967017545631E-0002   4.25180741585888546920E-0002   2.77297646869940486231E-0002   1.20741514342745112004E-0002
   4.71226234279133529559E-0003   2.46622391156161300846E-0002   5.98804231365070207800E-0002  0.109242998051599275294        0.171164420391654618415        0.243654731456761515024        0.324384118273061842444        0.410757909252076072086        0.500000000000000000000        0.589242090747923927914        0.675615881726938157556        0.756345268543238484949        0.828835579608345381585        0.890757001948400724679        0.940119576863492979247        0.975337760884383869915        0.995287737657208664704      
   6.03707571713698853114E-0003  -2.27155284108545881660E-0003   1.70607356797474785797E-0003  -1.39428814627546718166E-0003   1.17505931298190973643E-0003  -1.00191159133605311153E-0003   8.55775716256851071964E-0004  -7.27395376333160640540E-0004   6.11868908353286575661E-0004  -5.06517169974449265271E-0004   4.09921556445612309759E-0004  -3.21449702089708361951E-0004   2.41016157948171301324E-0004  -1.68979966366674183368E-0004   1.06157253071394871850E-0004  -5.40131486776743858566E-0005   1.54220947610194129230E-0005
   1.30632356657418872312E-0002   1.38648823434967997589E-0002  -3.70085000802414115028E-0003   2.52843634712764590738E-0003  -1.98193291159682273396E-0003   1.62876184702874032617E-0003  -1.36186864667888544895E-0003   1.14216206062703119485E-0003  -9.52222618997895703135E-0004   7.83397506526164637211E-0004  -6.31198199769336331429E-0004   4.93378826295216864148E-0004  -3.69055926498612977261E-0004   2.58309952267473993214E-0004  -1.62082384143498326353E-0004   8.24037790116634801472E-0005  -2.35185167972983970959E-0005
   1.15896659295706455770E-0002   3.01434135150563666414E-0002   2.12590370792947871605E-0002  -4.93939271467700428573E-0003   3.15903933486587993629E-0003  -2.37960296192560510823E-0003   1.89972369971521162918E-0003  -1.54973949823201398537E-0003   1.26912685484210591772E-0003  -1.03150358442519050153E-0003   8.24024026414953747486E-0004  -6.40153295044275897896E-0004   4.76715002436736908221E-0004  -3.32592428301414142023E-0004   2.08224104081034681241E-0004  -1.05708136155037071894E-0004   3.01462089898450018463E-0005
   1.23750857808029517929E-0002   2.64764480252828048823E-0002   4.62722079501815842756E-0002   2.79709617983509559794E-0002  -5.99844641380703123003E-0003   3.65232941748917132185E-0003  -2.65563606368794800007E-0003   2.05919870619666351386E-0003  -1.63500276406015306308E-0003   1.30225665465494285779E-0003  -1.02598129583706314108E-0003   7.89276707883036463202E-0004  -5.83658929756914298727E-0004   4.05172187801317211737E-0004  -2.52783397886917491371E-0004   1.28041256577523475575E-0004  -3.64715685856393472791E-0005
   1.18641732581549128401E-0002   2.85431435558622468384E-0002   4.05302115242461751934E-0002   6.09082348093383874978E-0002   3.37840921171314644765E-0002  -6.85538530902565824961E-0003   4.01127273588274395016E-0003  -2.82374870983929446749E-0003   2.12610784923210155042E-0003  -1.63903849820265055203E-0003   1.26387630217298031352E-0003  -9.58062334596709362782E-0004   7.01185793572284525621E-0004  -4.83230437890595921660E-0004   2.99978518822467128705E-0004  -1.51459360853414534601E-0004   4.30685776471926947479E-0005
   1.22312116765422749898E-0002   2.71433781167488834962E-0002   4.38316596087300820116E-0002   5.32892269980426526362E-0002   7.35820587390748412490E-0002   3.85114402692025360639E-0002  -7.48662480602101514211E-0003   4.23124949024138909193E-0003  -2.88732635437504297332E-0003   2.10813981062922002035E-0003  -1.57204998385205719668E-0003   1.16571368301781438964E-0003  -8.40458469995261989179E-0004   5.73253778363081464071E-0004  -3.53376621093596302647E-0004   1.77626163278708756718E-0004  -5.03906417729734558628E-0005
   1.19511453235992502589E-0002   2.81793286752800667088E-0002   4.15565191476279956591E-0002   5.77104683866039918982E-0002   6.43416628368316574022E-0002   8.38874915885928283977E-0002   4.20010255391125910167E-0002  -7.87358946535678756726E-0003   4.30828569850117709841E-0003  -2.84841200900627342453E-0003   2.01063591625832094938E-0003  -1.44143882860532417905E-0003   1.01661597232925378185E-0003  -6.83261498102172535753E-0004   4.17084037995026629431E-0004  -2.08363692621726175585E-0004   5.89206440219959308716E-0005
   1.21736365651595415046E-0002   2.73710039270721066889E-0002   4.32644598551086229694E-0002   5.46370553182845445344E-0002   6.97294059108461549901E-0002   7.33312399585029724874E-0002   9.14939805099033990864E-0002   4.41406763417482502575E-0002  -8.00466567441312826619E-0003   4.24142979138210725779E-0003  -2.71033965610161594900E-0003   1.83928990502098856662E-0003  -1.25447619284504857192E-0003   8.25210988091521318351E-0004  -4.96792862414303684384E-0004   2.46070408438690850941E-0004  -6.92758417086946991174E-0005
   1.19918115828110221441E-0002   2.80240575655551763807E-0002   4.19166599360223342125E-0002   5.69613384620476174218E-0002   6.59670689091893155186E-0002   7.95015048593736371724E-0002   7.99684823533937264386E-0002   9.61573806946752103204E-0002   4.48616175890517418951E-0002  -7.87602801117896746014E-0003   4.03356872483126774241E-0003  -2.47862432096844491954E-0003   1.60111532507336053762E-0003  -1.01941486534550718603E-0003   6.01414222566978831239E-0004  -2.94292878561830598064E-0004   8.23398514634069136525E-0005
   1.21434272759831598423E-0002   2.74836942785547694593E-0002   4.30148670210034510222E-0002   5.51167126086106238591E-0002   6.88226604271076939119E-0002   7.51835906333842366115E-0002   8.67123907343265594078E-0002   8.40399228921143108388E-0002   9.77279008525161300031E-0002   4.41406763417484029640E-0002  -7.49192943167847621412E-0003   3.69164057990220631568E-0003  -2.16122167658344188252E-0003   1.30486827841750626284E-0003  -7.46385696519147518579E-0004   3.58760759921163979300E-0004  -9.94851308851675189679E-0005
   1.20152307902524921859E-0002   2.79381283796153107778E-0002   4.21009901205939941418E-0002   5.66251850948042903934E-0002   6.65515682619334163428E-0002   7.84643193670105141917E-0002   8.19914151619666761476E-0002   9.11297646925025980883E-0002   8.54149494796021259595E-0002   9.61549421488527959349E-0002   4.20010255391127945621E-0002  -6.86461105018773309689E-0003   3.22652139743110777607E-0003  -1.76854478990200617752E-0003   9.61555010961605853934E-0004  -4.49563988286813631232E-0004   1.23006110675049359838E-0004
   1.21245420760474731718E-0002   2.75521385237150020102E-0002   4.28714507796825201321E-0002   5.53686698183389903553E-0002   6.84086427042579437452E-0002   7.58571668553873747437E-0002   8.55741010620770449935E-0002   8.61732128728671297740E-0002   9.26105615324782826463E-0002   8.40501031932549695137E-0002   9.14886758842456364186E-0002   3.85114402692030308090E-0002  -6.01387450481207088728E-0003   2.65269659865929075654E-0003  -1.31358545014041231532E-0003   5.86386570244409692410E-0004  -1.57060242268062012671E-0004
   1.20310828566273132002E-0002   2.78812240478472343966E-0002   4.22180956397664031454E-0002   5.64251540345925932272E-0002   6.68669984406904236815E-0002   7.79809428730018799720E-0002   8.27381747760520232246E-0002   8.99203911816989839094E-0002   8.75971273288711603855E-0002   9.11051013933356082172E-0002   7.99907783423422966051E-0002   8.38782658474302463111E-0002   3.37840921171319415864E-0002  -4.96631121263650212741E-0003   1.98786263434351209584E-0003  -8.13378868868875051715E-0004   2.09978176119213946067E-0004
   1.21106230028601493565E-0002   2.76017234304163807135E-0002   4.27708575564757726807E-0002   5.55367514089005878864E-0002   6.81518431640196632032E-0002   7.62336038305220950418E-0002   8.50280323740621094591E-0002   8.69790960288413408417E-0002   9.13582379421634747224E-0002   8.62221539772995755900E-0002   8.66576871419130918410E-0002   7.33705511209157491321E-0002   7.35666306480693246207E-0002   2.79709617983517413856E-0002  -3.75413379159204123827E-0003   1.25331666171069689258E-0003  -3.00934346528906750471E-0004
   1.20440052252846630682E-0002   2.78354728231490190304E-0002   4.23098500545077936067E-0002   5.62745160250032851368E-0002   6.70914692318259741347E-0002   7.76630338334494702154E-0002   8.31780270518100043201E-0002   8.93128562679215910310E-0002   8.84541083232610643387E-0002   8.98310921817284499969E-0002   8.21023273785096663495E-0002   7.94024835003309538322E-0002   6.44091448993963609443E-0002   6.08813163113787366023E-0002   2.12590370792955765885E-0002  -2.41364882806292577826E-0003   4.84485504703381059267E-0004
   1.20976699510718114813E-0002   2.76473609079823476138E-0002   4.26801565427323615768E-0002   5.56836136444342948428E-0002   6.79372401607614024579E-0002   7.65295017121098784983E-0002   8.46332492779944181431E-0002   8.74979551769700832143E-0002   9.06754577971012525815E-0002   8.71391906228691764388E-0002   8.53639197249040487182E-0002   7.53941186913762295137E-0002   6.95501171458597750144E-0002   5.34134872495734886581E-0002   4.62189241666139417445E-0002   1.38648823434974082233E-0002  -9.89084231467960385452E-0004
   1.20587293395134911121E-0002   2.77837778356717195544E-0002   4.24119169055174540813E-0002   5.61109035630684428935E-0002   6.73271680763145778136E-0002   7.73443302404948607764E-0002   8.35921295217793944326E-0002   8.87878698534707920629E-0002   8.91113662697499530333E-0002   8.90087480598295105959E-0002   8.31462753619681413237E-0002   7.80247921297412268764E-0002   6.63931249212808111037E-0002   5.73362117429772075293E-0002   4.08120005906140856031E-0002   3.00013175280798141746E-0002   6.03707571713727196276E-0003
