          20
   1.45383198E-02   1.28620630E-02   5.49470298E-02   3.65284644E-02   5.09860553E-02   5.91335967E-02   6.58327043E-02   7.10488856E-02   7.45864809E-02   7.63766840E-02   7.63766840E-02   7.45864809E-02   7.10488856E-02   6.58327043E-02   5.91335967E-02   5.09860553E-02   3.65284644E-02   5.49470298E-02   1.28620630E-02   1.45383198E-02
   3.15091014E-03   1.85903907E-02   4.34999168E-02   8.05392861E-02  0.126824975      0.181979060      0.244563460      0.313147455      0.386107028      0.461736739      0.538263261      0.613892972      0.686852574      0.755436540      0.818020940      0.873175025      0.919460714      0.956500053      0.981409609      0.996849060    
   4.06771572E-03  -1.46484282E-03   1.15730579E-03  -9.34193784E-04   8.03173229E-04  -6.96941686E-04   6.09040086E-04  -5.32611215E-04   4.64361830E-04  -4.02196049E-04   3.44913249E-04  -2.91791919E-04   2.42424154E-04  -1.96649577E-04   1.54411391E-04  -1.15906369E-04   8.09419507E-05  -5.15192442E-05   2.63097263E-05  -6.90930619E-06
   9.70496051E-03   1.16595058E-02  -3.46042658E-03   2.34113447E-03  -1.87872315E-03   1.57407112E-03  -1.34796405E-03   1.16386183E-03  -1.00609544E-03   8.66214337E-04  -7.39639450E-04   6.23722270E-04  -5.16943575E-04   4.18561045E-04  -3.28194699E-04   2.46088981E-04  -1.71715626E-04   1.09232220E-04  -5.57618550E-05   1.46406392E-05
   9.30806808E-03   2.25666557E-02   1.48675665E-02  -2.78401654E-03   1.72726135E-03  -1.28876569E-03   1.03600137E-03  -8.60665052E-04   7.25424034E-04  -6.13763637E-04   5.17567853E-04  -4.32455941E-04   3.55953758E-04  -2.86701252E-04   2.23904470E-04  -1.67379083E-04   1.16528980E-04  -7.40043033E-05   3.77390716E-05  -9.90251647E-06
   1.04133571E-02   1.98205542E-02   3.29412110E-02   2.35838909E-02  -5.59855159E-03   3.63452965E-03  -2.77417642E-03   2.24769209E-03  -1.86813332E-03   1.56698190E-03  -1.31388218E-03   1.09350309E-03  -8.97528254E-04   7.21420452E-04  -5.62545611E-04   4.20051685E-04  -2.92196026E-04   1.85454322E-04  -9.45385764E-05   2.48009073E-05
   1.04770958E-02   2.20283251E-02   2.81416792E-02   4.70967107E-02   2.62913313E-02  -4.37147869E-03   2.35217111E-03  -1.58340461E-03   1.17289822E-03  -9.10395291E-04   7.22553581E-04  -5.77664876E-04   4.60085983E-04  -3.61466780E-04   2.77000538E-04  -2.04119176E-04   1.40597811E-04  -8.85978880E-05   4.49606559E-05  -1.17631707E-05
   1.09369289E-02   2.21053567E-02   2.99790259E-02   4.16949950E-02   5.40357009E-02   3.40373218E-02  -7.36069307E-03   4.59521078E-03  -3.40139936E-03   2.67772097E-03  -2.15938361E-03   1.75146747E-03  -1.41208840E-03   1.12055824E-03  -8.65640875E-04   6.41938648E-04  -4.44317237E-04   2.80996464E-04  -1.42924560E-04   3.74451156E-05
   1.07094292E-02   2.44272444E-02   2.75649987E-02   4.55078743E-02   4.63783965E-02   6.64087087E-02   3.56755257E-02  -5.65126259E-03   2.85276328E-03  -1.80194119E-03   1.25407672E-03  -9.15289565E-04   6.82263752E-04  -5.10149985E-04   3.76590237E-04  -2.69766810E-04   1.81951676E-04  -1.12914895E-04   5.67515563E-05  -1.47633336E-05
   1.07007492E-02   2.52530649E-02   2.88958233E-02   4.27982248E-02   5.10582328E-02   5.73072098E-02   7.13036209E-02   4.16985080E-02  -8.15347489E-03   4.74399794E-03  -3.32091306E-03   2.48559192E-03  -1.90497132E-03   1.46111927E-03  -1.10225624E-03   8.03722942E-04  -5.49672986E-04   3.44707165E-04  -1.74424029E-04   4.55593145E-05
   1.03708133E-02   2.68299356E-02   2.87215561E-02   4.36822250E-02   4.87759598E-02   6.18560538E-02   6.17404692E-02   7.88460374E-02   4.33446839E-02  -7.50149647E-03   3.97148775E-03  -2.58103525E-03   1.81494700E-03  -1.31439348E-03   9.52543691E-04  -6.74893847E-04   4.52200853E-04  -2.79497501E-04   1.40167933E-04  -3.64198240E-05
   1.04138954E-02   2.66101714E-02   3.18473652E-02   4.01710868E-02   5.28352708E-02   5.66844679E-02   6.90609291E-02   6.63108081E-02   8.33630860E-02   4.52122092E-02  -7.66730402E-03   3.92190041E-03  -2.45855050E-03   1.66369264E-03  -1.15343346E-03   7.92738807E-04  -5.20030211E-04   3.16713704E-04  -1.57405928E-04   4.06838590E-05
   1.04219429E-02   2.63897702E-02   3.42422649E-02   3.91295291E-02   5.25002144E-02   5.83675131E-02   6.56688586E-02   7.24020600E-02   7.13077635E-02   8.42931196E-02   4.77247685E-02  -9.10257269E-03   4.97508282E-03  -3.24630272E-03   2.23419070E-03  -1.53898809E-03   1.01462565E-03  -6.21109793E-04   3.09859694E-04  -8.02831200E-05
   1.08532095E-02   2.45690737E-02   3.89369316E-02   3.53897512E-02   5.60245551E-02   5.44154085E-02   7.04746842E-02   6.61746860E-02   8.01183656E-02   6.92939386E-02   8.80282894E-02   4.53198552E-02  -7.16228690E-03   3.28418124E-03  -1.83151430E-03   1.09149329E-03  -6.48797781E-04   3.68703506E-04  -1.75567431E-04   4.42474338E-05
   1.12645859E-02   2.29683816E-02   4.22838107E-02   3.45232412E-02   5.53845987E-02   5.60514964E-02   6.78061321E-02   7.01135397E-02   7.43942335E-02   7.80177712E-02   7.23772570E-02   8.42327327E-02   4.67187725E-02  -9.16748494E-03   4.82564140E-03  -2.94666947E-03   1.82187150E-03  -1.07436895E-03   5.25210635E-04  -1.34583679E-04
   1.19658513E-02   2.04391573E-02   4.67104688E-02   3.21763009E-02   5.73385097E-02   5.36561348E-02   7.08894655E-02   6.61179796E-02   7.96265230E-02   7.09569082E-02   8.26377496E-02   6.63523823E-02   8.50884244E-02   4.17729132E-02  -6.87421113E-03   3.06388573E-03  -1.58455980E-03   8.32765480E-04  -3.80220619E-04   9.36608631E-05
   1.25129102E-02   1.86669212E-02   4.91115227E-02   3.28959003E-02   5.53710274E-02   5.61948717E-02   6.77238554E-02   7.00464770E-02   7.47281015E-02   7.71639720E-02   7.44744465E-02   7.80458972E-02   6.47111908E-02   7.96589851E-02   3.93895805E-02  -7.45355943E-03   3.53511982E-03  -1.84187701E-03   8.47525836E-04  -2.10488724E-04
   1.31936939E-02   1.64951757E-02   5.20282947E-02   3.23119946E-02   5.58660179E-02   5.50288744E-02   6.96156174E-02   6.73576817E-02   7.83335268E-02   7.24440888E-02   8.06575567E-02   6.96922466E-02   7.71077052E-02   5.68446033E-02   7.71473795E-02   3.21599133E-02  -5.16063394E-03   2.13896018E-03  -8.87729228E-04   2.09127451E-04
   1.36362864E-02   1.52718285E-02   5.30486926E-02   3.40332799E-02   5.34713529E-02   5.75708114E-02   6.67820722E-02   7.05972239E-02   7.45768175E-02   7.68521726E-02   7.54002482E-02   7.61444867E-02   6.87239319E-02   6.94268718E-02   5.18858060E-02   7.09287375E-02   2.44883820E-02  -3.35304160E-03   1.21672114E-03  -2.74011429E-04
   1.40723530E-02   1.40487375E-02   5.42068779E-02   3.47924083E-02   5.27305752E-02   5.78405224E-02   6.68833703E-02   7.01567754E-02   7.53581375E-02   7.57065117E-02   7.69562349E-02   7.40935877E-02   7.14476407E-02   6.55504093E-02   5.93228415E-02   4.79102246E-02   6.24143742E-02   1.59982797E-02  -9.07927111E-04   1.33647205E-04
   1.43760536E-02   1.32191861E-02   5.49405999E-02   3.53183113E-02   5.23593277E-02   5.77642173E-02   6.73210919E-02   6.93769827E-02   7.64900967E-02   7.41936490E-02   7.88978711E-02   7.16440603E-02   7.45453909E-02   6.15288503E-02   6.48609474E-02   4.14851159E-02   5.50986081E-02   4.12423573E-02   9.70500521E-03   9.63097482E-05
   1.45426188E-02   1.28005100E-02   5.51865436E-02   3.59474793E-02   5.17524630E-02   5.81926294E-02   6.69874847E-02   6.96520954E-02   7.62509629E-02   7.44177327E-02   7.86615834E-02   7.19354600E-02   7.41224438E-02   6.22462742E-02   6.34023100E-02   4.56094407E-02   4.34754789E-02   4.89729270E-02   1.72921922E-02   8.97480361E-03
