   2.35876681932559135973079807425436654E-0002   5.34696629976592154801273590970091439E-0002   8.00391642716731131673262647716767414E-0002  0.101583713361532960874532227904901594        0.116746268269177404380424949462439534        0.124573522906701392500281218021475550        0.124573522906701392500281218021475550        0.116746268269177404380424949462439534        0.101583713361532960874532227904901594         8.00391642716731131673262647716767414E-0002   5.34696629976592154801273590970091439E-0002   2.35876681932559135973079807425436654E-0002
   9.21968287664037465472545492535959931E-0003   4.79413718147625716607670669404525816E-0002  0.115048662902847656481553083393590990        0.206341022856691276351648790529732995        0.316084250500909903123654231678141412        0.437383295744265542263779315268073344        0.562616704255734457736220684731926656        0.683915749499090096876345768321858588        0.793658977143308723648351209470267053        0.884951337097152343518446916606409059        0.952058628185237428339232933059547418        0.990780317123359625345274545074640401      
   1.17938340966279567986539903712553615E-0002  -4.37990215767931650940188692918323348E-0003   3.21056964125654262004469232623752847E-0003  -2.52868076291527559325483047108343119E-0003   2.02324519894856845571760672436665259E-0003  -1.60735902088665663692347356756048253E-0003   1.24774475192659582311909076184905076E-0003  -9.30499836629974148333740147760377015E-0004   6.50624788775465133900270947845451483E-0004  -4.08237882558168112866492596698028000E-0004   2.07615108480287514624040502392437975E-0004  -5.92710487056506905538129963004794797E-0005
   2.55198232326244639441836509717868961E-0002   2.67348314988296077400636795485001814E-0002  -6.96570366255593528084233870896219322E-0003   4.58737722346434400703031480933667834E-0003  -3.41487831325726315216580833366922521E-0003   2.61580117231290944435531656186207316E-0003  -1.98873604147400184383034336299939138E-0003   1.46425936525797332056119445694640207E-0003  -1.01552961889071285353932174117102320E-0003   6.33880729666708085426064346671174608E-0004  -3.21341337251878490974152992793853431E-0004   9.15875660363567404988113849492936049E-0005
   2.26415082464546978695105146203613145E-0002   5.81230577546837157157340098137801629E-0002   4.00195821358365565836631323858469531E-0002  -8.96632804601375189900412174147903844E-0003   5.44880489816575571543655014114682517E-0003  -3.82839826778209094726230524498162306E-0003   2.78156916561874812407426225463918257E-0003  -1.99435710192794323160270551931290466E-0003   1.36062625076553272030386945228112871E-0003  -8.40553839984532063258567090572200103E-0004   4.23460056141347174662230642939671828E-0004  -1.20308349110379280703786321047850689E-0004
   2.41748261226971991223159086687335604E-0002   5.10550484293886763756662871780770082E-0002   8.71038538724015915546922006176109412E-0002   5.07918566807664804372661139524563340E-0002  -1.03577470216968143616942058302055118E-0002   5.88867969618710894147918871599802791E-0003  -3.90204370620793343508578200225231464E-0003   2.66388699069817929130618710749682795E-0003  -1.76593366081374114507112195757050677E-0003   1.07205559231517493201514834145024538E-0003  -5.34534766345622524447744620771621089E-0004   1.51074627300977163206610358729050918E-0004
   2.31788873633936492342183449771001900E-0002   5.50336735248898118758263652719195154E-0002   7.63035605834845887509628990891665422E-0002  0.110596236160954295848669502387030879         5.83731341345887021902124747312363661E-0002  -1.10754199817737917021409005241833269E-0002   5.91690882965931097780777409955709170E-0003  -3.67597498519267301626859146921306518E-0003   2.31791162580606885793696566969369675E-0003  -1.36729574370243207975475896064063936E-0003   6.70629185517022286304630351350147262E-0004  -1.88000196714650100120473944846780137E-0004
   2.38920173869485934969304866742172230E-0002   5.23469042934905536104208555611381633E-0002   8.24989309275610772029278735167355313E-0002   9.67817784368590868203195880662614796E-0002  0.127125792924303086274991785688802425         6.22867614533506962501406090107550722E-0002  -1.10819177291206372873693770391849321E-0002   5.54513518951393724662614926967941415E-0003  -3.18192887322027471274651669812519681E-0003   1.78717327876101308911741172051164955E-0003  -8.53608723970616168630490286571791504E-0004   2.36257179789026441050939783894764716E-0004
   2.33514110134668871562570409586401973E-0002   5.43232717216298316487578493835675104E-0002   7.82519909929121000782088530511700806E-0002  0.104765642234753235587278744603024200        0.111201133079663467133798800192759500        0.135655440635822029787650595060662820         6.22867614533506962501406090107633597E-0002  -1.03795246551256818945668362263615775E-0002   4.80193492467387405421263983863589673E-0003  -2.45976665588796403560160874505244943E-0003   1.12275870416866186970650353585536039E-0003  -3.04349193692679899622505931686213904E-0004
   2.37756683899705636974284546873848410E-0002   5.27990338121421931938227287456486238E-0002   8.14064600153755452470810237323208025E-0002   9.92658017357268920165952622352065485E-0002  0.120422243254370077396693540931651661        0.118656614077042081522473443921919151        0.135648942888475184202422118545660944         5.83731341345887021902124747312479397E-0002  -9.01252279942133497413727448213526936E-0003   3.73560368818852441636336568251743829E-0003  -1.56401052723059639569900617492703340E-0003   4.08780829862264363089635765426178510E-0004
   2.34365935659549364341013703838112131E-0002   5.40041977640048380045751037177740438E-0002   7.89671086793579382353111164302277973E-0002  0.103349647022346702019603349862472654        0.114082381278479225089118762354940349        0.128475566612909325935367000023730339        0.118684843210514283558802029305475055        0.127104015290874218742119155292651926         5.07918566807664804372661139524828937E-0002  -7.06468960072847838736593584593030134E-0003   2.41461456827053910446107191891696978E-0003  -5.87157929441285525007927926212515326E-0004
   2.37079765423662928780117670635898825E-0002   5.30462029415178683054651284540652882E-0002   8.08797181116576452305848318622502344E-0002  0.100223087110767428154228358452619716        0.118740625371105347612027654981752969        0.121791953741082644376206955766834882        0.128401921174483483447543523266459644        0.111297463371011648664988399321290439        0.110550041407546712773536349646385792         4.00195821358365565836631323858747286E-0002  -4.65339475702450023560665071678821165E-0003   9.46159946801215727797466122155548728E-0004
   2.34960806272195568568091693575935656E-0002   5.37910043349110939711015120898018570E-0002   7.94052835420064050819002004250048591E-0002  0.102599242980423673728071549646074327        0.115282008903919431059863755005490479        0.126562258948175394344111561384478270        0.121957721734388483055925901459609041        0.120161146582434667532590757796115598         9.69963361380686168675019130955546750E-0002   8.70048679342290484481686034806589048E-0002   2.67348314988296077400636795485307074E-0002  -1.93215503936855034687567022927679171E-0003
   2.36469392419615642878617937388441807E-0002   5.32620478891789279655033185946158333E-0002   8.04474021542312812801927573683758893E-0002  0.100933088572757495740631956957054445        0.117676768105807378528758689610202310        0.123325778154774796677162127259623267        0.126180881927588049137204691589040243        0.114723023070228835924707342738067679        0.104112394124448236467787058375991569         7.68285946304165705472815724454304262E-0002   5.78495651553385319895292460262118443E-0002   1.17938340966279567986539903712743319E-0002
