          18
   1.0808006761470718E-002   2.4857274446259937E-002   3.8212865128848535E-002   5.0471022052435539E-002   6.1277603355724887E-002   7.0321457335304108E-002   7.7342337563129915E-002   8.2138241872916615E-002   8.4571191481571856E-002   8.4571191481571856E-002   8.2138241872916615E-002   7.7342337563129915E-002   7.0321457335304108E-002   6.1277603355724887E-002   5.0471022052435539E-002   3.8212865128848535E-002   2.4857274446259937E-002   1.0808006761470718E-002
   4.2174157895344400E-003   2.2088025214301144E-002   5.3698766751221871E-002   9.8147520513738651E-002  0.15415647846982339       0.22011458446302623       0.29412441926857841       0.37405688715424756       0.45761249347913246       0.54238750652086754       0.62594311284575244       0.70587558073142165       0.77988541553697377       0.84584352153017661       0.90185247948626135       0.94630123324877813       0.97791197478569880       0.99578258421046550     
   5.4040033815951037E-003  -2.0362520748907760E-003   1.5333586419291440E-003  -1.2580394223784528E-003   1.0659079643401453E-003  -9.1521791631912406E-004   7.8875800178964718E-004  -6.7810033446208352E-004   5.7871152023997532E-004  -4.8804095446726350E-004   4.0465538626131256E-004  -3.2780735753552609E-004   2.5720848130501882E-004  -1.9291341050827520E-004   1.3527794719690411E-004  -8.4991751267914970E-005   4.3245456393226458E-005  -1.2347769706340274E-005
   1.1693374394423188E-002   1.2428637223740262E-002  -3.3261512046490233E-003   2.2812978076124368E-003  -1.7977471611380462E-003   1.4877211626892683E-003  -1.2550884139568722E-003   1.0646083643226091E-003  -9.0045283191620893E-004   7.5463864118933163E-004  -6.2289725220321575E-004   5.0294213457242507E-004  -3.9366079354982410E-004   2.9472025047501762E-004  -2.0639321362451920E-004   1.2954916012139665E-004  -6.5876289404875299E-005   1.8803235494511562E-005
   1.0374316420358186E-002   2.7020918892234375E-002   1.9106432563509509E-002  -4.4564391265794956E-003   2.8652582821151237E-003  -2.1732900190814886E-003   1.7504674241763400E-003  -1.4441593003955565E-003   1.1997347139649614E-003  -9.9321082589961043E-004   8.1274045620310432E-004  -6.5210872564537320E-004   5.0805649739891524E-004  -3.7906513015707115E-004   2.6479741937594629E-004  -1.6591506047875944E-004   8.4271069878867619E-005  -2.4038800007185426E-005
   1.1077406866820331E-002   2.3733721894292459E-002   4.1586945943722545E-002   2.5235511026471983E-002  -5.4402127979177716E-003   3.3352040082028924E-003  -2.4464421272017188E-003   1.9182833110299110E-003  -1.5449081385290598E-003   1.2531590358805019E-003  -1.0111423696471688E-003   8.0321646645423650E-004  -6.2125112995663136E-004   4.6106310700732748E-004  -3.2083822242938035E-004   2.0048470710165440E-004  -1.0164986851056989E-004   2.8968800488175021E-005
   1.0620004297614239E-002   2.5586531013354522E-002   3.6426082970331328E-002   5.4951828825391277E-002   3.0638801677347043E-002  -6.2593451964836726E-003   3.6944032886361482E-003  -2.6295169321160282E-003   2.0078519299605072E-003  -1.5760598635823104E-003   1.2443577394849492E-003  -9.7372712268988567E-004   7.4512216395450533E-004  -5.4875062415790849E-004   3.7975255174789761E-004  -2.3638595342430555E-004   1.1955334003856545E-004  -3.4025636304304223E-005
   1.0948670534366279E-002   2.4331393804282207E-002   3.9393836647472508E-002   4.8077283905436849E-002   6.6731950958058367E-002   3.5160728667352280E-002  -6.8937988271657053E-003   3.9386910271791611E-003  -2.7250926733100593E-003   2.0253857426348288E-003  -1.5459447656617879E-003   1.1829214752455089E-003  -8.9131174913321921E-004   6.4929400142958379E-004  -4.4588352786327181E-004   2.7607923882202778E-004  -1.3915147318776372E-004   3.9531476039216033E-005
   1.0697783796652555E-002   2.5260650892798601E-002   3.7348004072928334E-002   5.2067488341368304E-002   5.8350562532877071E-002   7.6589460028012410E-002   3.8671168780732366E-002  -7.3268558536528621E-003   4.0638139746943820E-003  -2.7340805030904836E-003   1.9746346834236743E-003  -1.4600718848160671E-003   1.0755397970162517E-003  -7.7147479997052187E-004   5.2415219484057971E-004  -3.2219019447689062E-004   1.6164200699386104E-004  -4.5808599128436010E-005
   1.0897233324961991E-002   2.4535094892104252E-002   3.8884725923069671E-002   4.9292305330406967E-002   6.3239302217310903E-002   6.6949404480463534E-002   8.4241391472539867E-002   4.1069120935752115E-002  -7.5468105535744746E-003   4.0675639577920286E-003  -2.6581117984257959E-003   1.8593393135562086E-003  -1.3235380548710057E-003   9.2832836764798689E-004  -6.2131094692798559E-004   3.7810818359849729E-004  -1.8850571424292170E-004   5.3245821336749300E-005
   1.0734048740103556E-002   2.5121936713921145E-002   3.7670773901850030E-002   5.1393003774907860E-002   5.9822777521814585E-002   7.2587388378754628E-002   7.3625884398261107E-002   8.9467945283120909E-002   4.2285595739751519E-002  -7.5477141930266863E-003   3.9505480097457666E-003  -2.5003807265408834E-003   1.6841204975889157E-003  -1.1419629958744357E-003   7.4786953127374794E-004  -4.4877493941881599E-004   2.2180436959068274E-004  -6.2370528830854433E-005
   1.0870377290599795E-002   2.4635470078279573E-002   3.8661640066787455E-002   4.9723152521713658E-002   6.2419566351709192E-002   6.8637336837652690E-002   7.9842718289749925E-002   7.8187693863098318E-002   9.2118905674559548E-002   4.2285595739600626E-002  -7.3297034102189490E-003   3.7164531648070003E-003  -2.2659310433543684E-003   1.4548258338386462E-003  -9.2198172167326032E-004   5.4209122528808026E-004  -2.6466226592348455E-004   7.3958021817045457E-005
   1.0754760940320318E-002   2.5045780161902526E-002   3.7834756944073129E-002   5.1092332999647390E-002   6.0349274988355281E-002   7.1644995389971419E-002   7.5482998249775016E-002   8.4796353671161284E-002   8.0503627523941329E-002   9.2118002034836610E-002   4.1069120935210840E-002  -6.8990539096667036E-003   3.3720528550839611E-003  -1.9616988618071669E-003   1.1787167230030268E-003  -6.7186079605504874E-004   3.2217955592694442E-004  -8.9226562854541271E-005
   1.0853815360710820E-002   2.4695632440399254E-002   3.8535055322476419E-002   4.9946869857638375E-002   6.2049078156098211E-002   6.9245917537976487E-002   7.8802409448245930E-002   8.0163607189211533E-002   8.7305271984942062E-002   8.0507377506563435E-002   8.9465097726694531E-002   3.8671168780015086E-002  -6.2680026924676509E-003   2.9270408225937337E-003  -1.5964662879101518E-003   8.6486105408856162E-004  -4.0337644482179934E-004   1.1022296566612763E-004
   1.0768475285494763E-002   2.4996425920305466E-002   3.7936785889461158E-002   5.0916905580201170E-002   6.0628309354708969E-002   7.1212769084132432E-002   7.6159416088158169E-002   8.3684186638340624E-002   8.2545805739149436E-002   8.7296284154693940E-002   7.8199550845838212E-002   8.4236136389976526E-002   3.5160728666080637E-002  -5.4543476026040708E-003   2.3937381480179940E-003  -1.1809715203964257E-003   5.2588064360318252E-004  -1.4066377183505769E-004
   1.0842032397811063E-002   2.4737721106813649E-002   3.8449251081943629E-002   5.0091269500513527E-002   6.1826353980266986E-002   6.9576335171060488E-002   7.8316064686084833E-002   8.0893884133188043E-002   8.6147251345392445E-002   8.2563339551365772E-002   8.4767758805297064E-002   7.3647934274068849E-002   7.6580802532030298E-002   3.0638801675980615E-002  -4.4808067719816387E-003   1.7867821568476069E-003  -7.2925656558056801E-004   1.8800246511889153E-004
   1.0779037961001979E-002   2.4958924315140314E-002   3.8012380421575488E-002   5.0791860274699639E-002   6.0816540249004132E-002   7.0942708465050075E-002   7.6539121096864393E-002   8.3149384242394833E-002   8.3318032445849941E-002   8.6116099619950440E-002   8.0219958562023644E-002   7.9788779690205230E-002   6.6986253326976664E-002   6.6717816153680443E-002   2.5235511024489655E-002  -3.3740808163023428E-003   1.1235525533416985E-003  -2.6940010390171253E-004
   1.0832045561483499E-002   2.4773003376592821E-002   3.8378780189224096E-002   5.0206224632988947E-002   6.1656668485993625E-002   6.9813400837863013E-002   7.7994446288779690E-002   8.1325501416747450E-002   8.5564402307402157E-002   8.3371456767713598E-002   8.3582401173162513E-002   7.5591870139146741E-002   7.2494747354111183E-002   5.8412345073558046E-002   5.4927461179912027E-002   1.9106432561421419E-002  -2.1636444443908541E-003   4.3369034264347043E-004
   1.0789203525987234E-002   2.4923150735718966E-002   3.8083315968752016E-002   5.0677415265925334E-002   6.0982883105442087E-002   7.0715118128643839E-002   7.6839395428805829E-002   8.2761139124826452E-002   8.3816552840730751E-002   8.5471644313074177E-002   8.1073633509089235E-002   7.8597425976479465E-002   6.8833736173388435E-002   6.3075350515669398E-002   4.8189724246643542E-002   4.1539016331297543E-002   1.2428637221743656E-002  -8.8536763109164419E-004
   1.0820354531175821E-002   2.4814028989888527E-002   3.8297856880098916E-002   5.0335744105248652E-002   6.1470516766218376E-002   7.0064248854028108E-002   7.7670144920624670E-002   8.1733586486708226E-002   8.5059232435974061E-002   8.3992479961408933E-002   8.2816342207290089E-002   7.6553579561438018E-002   7.1236675251521109E-002   6.0211695391461727E-002   5.1729061474739838E-002   3.6679506487190643E-002   2.6893526520129888E-002   5.4040033806638417E-003
