          16
   1.28889102E-02   3.19704376E-02   4.72486243E-02   6.23399541E-02   7.47917965E-02   8.45774114E-02   9.13015530E-02   9.47253257E-02   9.47253257E-02   9.13015530E-02   8.45774114E-02   7.47917965E-02   6.23399541E-02   4.72486243E-02   3.19704376E-02   1.28889102E-02
   5.26994467E-03   2.77720690E-02   6.71438575E-02  0.122309029      0.191061109      0.270991504      0.359198123      0.452493817      0.547506213      0.640801907      0.729008496      0.808938861      0.877690971      0.932856143      0.972227931      0.994730055    
   6.73585292E-03  -2.52201571E-03   1.89399440E-03  -1.53831230E-03   1.28874194E-03  -1.08953449E-03   9.20467603E-04  -7.71411578E-04   6.37143035E-04  -5.14929648E-04   4.03470302E-04  -3.02388857E-04   2.11888546E-04  -1.33206573E-04   6.77863354E-05  -1.92462903E-05
   1.46524161E-02   1.57081801E-02  -4.23334446E-03   2.87848618E-03  -2.24481360E-03   1.83001952E-03  -1.51391129E-03   1.25214376E-03  -1.02518778E-03   8.23548064E-04  -6.42530620E-04   4.80082788E-04  -3.35666206E-04   2.10700455E-04  -1.07116539E-04   3.03972047E-05
   1.30066909E-02   3.39301378E-02   2.35842708E-02  -5.37527306E-03   3.40277213E-03  -2.53579160E-03   1.99982943E-03  -1.60736905E-03   1.29196630E-03  -1.02497241E-03   7.92736362E-04  -5.88659372E-04   4.09781031E-04  -2.56444211E-04   1.30118526E-04  -3.68862347E-05
   1.38704851E-02   2.98138652E-02   5.16156219E-02   3.13172825E-02  -6.76748203E-03   4.10985341E-03  -2.96622352E-03   2.27315398E-03  -1.77526660E-03   1.38233986E-03  -1.05567707E-03   7.77040143E-04  -5.37603279E-04   3.35023797E-04  -1.69534091E-04   4.79912596E-05
   1.32725686E-02   3.21690962E-02   4.51601110E-02   6.80370107E-02   3.72132659E-02  -7.40414253E-03   4.25690878E-03  -2.94291484E-03   2.17049848E-03  -1.63136295E-03   1.21719879E-03  -8.81843443E-04   6.03490626E-04  -3.73310089E-04   1.88024729E-04  -5.30932884E-05
   1.36424685E-02   3.06572635E-02   4.87968698E-02   5.96007034E-02   8.12574178E-02   4.24072146E-02  -8.26714933E-03   4.64450847E-03  -3.13042756E-03   2.24167830E-03  -1.62460725E-03   1.15527632E-03  -7.80955306E-04   4.79192822E-04  -2.40144655E-04   6.76321870E-05
   1.32727558E-02   3.19101028E-02   4.61704433E-02   6.45837039E-02   7.09819421E-02   9.23102871E-02   4.54373471E-02  -8.31479393E-03   4.43409570E-03  -2.84881983E-03   1.94199185E-03  -1.32943667E-03   8.76762322E-04  -5.29377023E-04   2.62664136E-04  -7.35897993E-05
   1.34496894E-02   3.11177019E-02   4.79870550E-02   6.12274557E-02   7.68935680E-02   8.07648972E-02   9.92407128E-02   4.74667251E-02  -8.58955830E-03   4.49014036E-03  -2.80231028E-03   1.83148263E-03  -1.17580802E-03   6.98495889E-04  -3.43286694E-04   9.57135853E-05
   1.31654358E-02   3.19736563E-02   4.63972837E-02   6.38555214E-02   7.27027804E-02   8.75590220E-02   8.67038891E-02  0.103344508       4.71500345E-02  -8.03796854E-03   3.96549515E-03  -2.32461048E-03   1.40474259E-03  -8.04888026E-04   3.87288106E-04  -1.06826934E-04
   1.32504152E-02   3.14862765E-02   4.75660674E-02   6.18180484E-02   7.58553892E-02   8.28228071E-02   9.40316468E-02   9.03495401E-02  0.103021026       4.56943996E-02  -7.64956139E-03   3.64693301E-03  -2.01980444E-03   1.10734999E-03  -5.20549889E-04   1.41995159E-04
   1.30293285E-02   3.20876166E-02   4.65346798E-02   6.34568706E-02   7.33852834E-02   8.63845050E-02   8.89342055E-02   9.79337767E-02   9.00456831E-02   9.95340571E-02   4.21380848E-02  -6.63528638E-03   2.92809750E-03  -1.45178440E-03   6.48744346E-04  -1.72798187E-04
   1.30823534E-02   3.17233689E-02   4.74147350E-02   6.20025918E-02   7.54862130E-02   8.34857151E-02   9.28589851E-02   9.25835967E-02   9.76836681E-02   8.69797990E-02   9.20573547E-02   3.73709090E-02  -5.61676407E-03   2.26688618E-03  -9.33001400E-04   2.40081135E-04
   1.29250307E-02   3.21242437E-02   4.67466339E-02   6.30806461E-02   7.38648996E-02   8.57460424E-02   8.98331702E-02   9.65668485E-02   9.24013108E-02   9.43068340E-02   8.04298446E-02   8.15307945E-02   3.10300849E-02  -4.25506942E-03   1.42673356E-03  -3.40874743E-04
   1.29727125E-02   3.18295211E-02   4.74225692E-02   6.20166324E-02   7.53418505E-02   8.37842077E-02   9.23623964E-02   9.33624506E-02   9.64422598E-02   8.91448855E-02   8.73337090E-02   7.10617974E-02   6.80491477E-02   2.36711185E-02  -2.78993975E-03   5.59744309E-04
   1.28760273E-02   3.20797898E-02   4.69921269E-02   6.27270192E-02   7.42751881E-02   8.52469951E-02   9.04572085E-02   9.57673639E-02   9.34584364E-02   9.28310379E-02   8.27228501E-02   7.70970061E-02   5.92234023E-02   5.21710962E-02   1.50883822E-02  -1.08932890E-03
   1.29083050E-02   3.19142677E-02   4.73512784E-02   6.21723197E-02   7.50381723E-02   8.42446387E-02   9.17285383E-02   9.41958576E-02   9.53664705E-02   9.05380100E-02   8.54764432E-02   7.37411603E-02   6.35553747E-02   4.58057076E-02   3.39890756E-02   6.39408827E-03
