          24
   6.1706151115129282E-003   1.4265694164440408E-002   2.2138718876371082E-002   2.9649292345346898E-002   3.6673240752212580E-002   4.3095080771477036E-002   4.8809326050789560E-002   5.3722135058043324E-002   5.7752834026866311E-002   6.0835236463899461E-002   6.2918728173413957E-002   6.3969097673376135E-002   6.3969097673376135E-002   6.2918728173413957E-002   6.0835236463899461E-002   5.7752834026866311E-002   5.3722135058043324E-002   4.8809326050789560E-002   4.3095080771477036E-002   3.6673240752212580E-002   2.9649292345346898E-002   2.2138718876371082E-002   1.4265694164440408E-002   6.1706151115129282E-003
   2.4063900014895667E-003   1.2635722014345263E-002   3.0862723998633601E-002   5.6792236497799464E-002   8.9999007013048415E-002  0.12993790421072293       0.17595317403151212       0.22728926430558027       0.28310324618697752       0.34247866015191863       0.40444056626319180       0.46797155356869735       0.53202844643130265       0.59555943373680820       0.65752133984808137       0.71689675381302242       0.77271073569441973       0.82404682596848788       0.87006209578927707       0.91000099298695158       0.94320776350220048       0.96913727600136634       0.98736427798565474       0.99759360999851043     
   3.0853074466775515E-003  -1.1686236165035057E-003   8.8841014033108233E-004  -7.3920618175545515E-004   6.3831328807078451E-004  -5.6164386955364883E-004   4.9912947361106547E-004  -4.4572093486483754E-004   3.9859201820297691E-004  -3.5604381561927465E-004   3.1700641229549819E-004  -2.8078707099452645E-004   2.4693265013024939E-004  -2.1514985843367246E-004   1.8525698785992303E-004  -1.5715392809959090E-004   1.3080355534293440E-004  -1.0622088197490909E-004   8.3468348147522998E-005  -6.2657266934856306E-005   4.3957638706395986E-005  -2.7623452261371162E-005   1.4056553854727252E-005  -4.0136373071003310E-006
   6.6761021204396901E-003   7.1328471558280409E-003  -1.9270675802569802E-003   1.3403607116860812E-003  -1.0764367043872751E-003   9.1279854380766289E-004  -7.9400853378513113E-004   6.9951588135265953E-004  -6.1989076037368503E-004   5.5019152032692012E-004  -4.8759175405694894E-004   4.3037914338788121E-004  -3.7747991279579106E-004   3.2821197419215974E-004  -2.8214790172091669E-004   2.3903515558652938E-004  -1.9874850286360116E-004   1.6126218346106927E-004  -1.2663584041837223E-004   9.5012363142140603E-005  -6.6629970811066101E-005   4.1858735323992673E-005  -2.1296177553918515E-005   6.0801513833901630E-006
   5.9229927490077909E-003   1.5507453452455225E-002   1.1069359681963277E-002  -2.6180990186617141E-003   1.7153043004059689E-003  -1.3330189255309007E-003   1.1068930157612906E-003  -9.4830002653430081E-004   8.2521997641628081E-004  -7.2333129490947912E-004   6.3530807703222447E-004  -5.5705162162542825E-004   4.8612738366995674E-004  -4.2103562438334906E-004   3.6083968901750072E-004  -3.0496361517053376E-004   2.5307689497868207E-004  -2.0502791585828064E-004   1.6080757588116205E-004  -1.2053516675949771E-004   8.4466507841219436E-005  -5.3035612248737626E-005   2.6972830159837203E-005  -7.6993471279790664E-006
   6.3244585626070363E-003   1.3620782598588739E-002   2.4093617985339710E-002   1.4824646198462696E-002  -3.2561882927139071E-003   2.0449424477662001E-003  -1.5460805518288179E-003   1.2585621712526513E-003  -1.0614075732837669E-003   9.1124679866101709E-004  -7.8884119250925504E-004   6.8443304932780933E-004  -5.9260914806493869E-004   5.1018044406132433E-004  -4.3519818866519038E-004   3.6645589580018410E-004  -3.0322069066812018E-004   2.4508270574548666E-004  -1.9187106743311549E-004   1.4361291160699672E-004  -1.0052820865985264E-004   6.3069981338851098E-005  -3.2058869317956816E-005   9.1484699303163106E-006
   6.0632126969938534E-003   1.4684422409213532E-002   2.1103233060096663E-002   3.2281829877558552E-002   1.8336620315273042E-002  -3.8365701390176369E-003   2.3333051453455276E-003  -1.7235155113505506E-003   1.3775454250333640E-003  -1.1438818201206524E-003   9.6838204077650083E-004  -8.2710581827589850E-004   7.0795138007568768E-004  -6.0422852777772577E-004   5.1201068170123900E-004  -4.2890916111919182E-004   3.5345512229779615E-004  -2.8476868774260041E-004   2.2237691493457102E-004  -1.6611808241726679E-004   1.1610703499977416E-004  -7.2764070153142311E-005   3.6959300723918860E-005  -1.0542669804948546E-005
   6.2510344395904378E-003   1.3963532044753393E-002   2.2823515287896043E-002   2.8242377864993867E-002   3.9938101993544910E-002   2.1547540289730282E-002  -4.3516835553452909E-003   2.5791079664555976E-003  -1.8668160548606276E-003   1.4668520287645687E-003  -1.1996097348100118E-003   1.0010160746360248E-003  -8.4278342876668258E-004   7.1063499225288416E-004  -5.9669248937025191E-004   4.9634348331128238E-004  -4.0679388509644505E-004   3.2634090409667859E-004  -2.5398787964998410E-004   1.8923927775259667E-004  -1.3200674429166372E-004   8.2609747901632831E-005  -4.1920054970352989E-005   1.1951503885078829E-005
   6.1075134994375653E-003   1.4497762209099685E-002   2.1636659811957639E-002   3.0588461167231545E-002   3.4920095035838976E-002   4.6937300444801142E-002   2.4404662967002951E-002  -4.7939303264042752E-003   2.7798737703606294E-003  -1.9756924508239101E-003   1.5274173295272339E-003  -1.2302876218642116E-003   1.0113376924189808E-003  -8.3838450681578884E-004   6.9520193172103594E-004  -5.7284929193969437E-004   4.6610657494142681E-004  -3.7183079290022391E-004   2.8813526458189840E-004  -2.1396301900371991E-004   1.4887583046847752E-004  -9.2995662167452502E-005   4.7132735349651886E-005  -1.3428748609672960E-005
   6.2218111557611278E-003   1.4079940546983390E-002   2.2529510896387155E-002   2.8954690849544613E-002   3.7849793009813948E-002   4.1026159469456071E-002   5.3164858618487215E-002   2.6861067371519318E-002  -5.1564833163245420E-003   2.9331112075268442E-003  -2.0494490641262283E-003   1.5595486590871638E-003  -1.2368593046465268E-003   1.0007207874642037E-003  -8.1558377595298908E-004   6.6354295111785216E-004  -5.3475079532387291E-004   4.2348180751308263E-004  -3.2632387271704582E-004   2.4128498188933555E-004  -1.6734775532467448E-004   1.0429217373139277E-004  -5.2776854502080257E-005   1.5024316265943737E-005
   6.1280272690449056E-003   1.4418815085127308E-002   2.1822383280901230E-002   3.0194200426236127E-002   3.5798494867258439E-002   4.4488096149824317E-002   4.6459938990530782E-002   5.8518735895482211E-002   2.8876416900964735E-002  -5.4336313081317566E-003   3.0367586116615214E-003  -2.0875019931118253E-003   1.5634798236558855E-003  -1.2200799091651039E-003   9.7027944902302449E-004  -7.7575597093949096E-004   6.1723283293480707E-004  -4.8413880097773868E-004   3.7037079649652343E-004  -2.7235873928470447E-004   1.8813203517771985E-004  -1.1690342387445346E-004   5.9044764837057565E-005  -1.6791148057658367E-005
   6.2067290451441924E-003   1.4136675642018514E-002   2.2401948982915410E-002   2.9205177705453389E-002   3.7362805802546299E-002   4.2055977227087413E-002   5.0394463601533046E-002   5.1131975002072255E-002   6.2911153847599224E-002   3.0417618030770671E-002  -5.6209653912768750E-003   3.0893838288885409E-003  -2.0896040122475555E-003   1.5396124856999554E-003  -1.1807644802951846E-003   9.2111725937073664E-004  -7.2022243124417499E-004   5.5777438421257259E-004  -4.2269106480355553E-004   3.0865484515422753E-004  -2.1210270329372489E-004   1.3131416838855250E-004  -6.6162899216928913E-005   1.8790910872937340E-005
   6.1395252812259772E-003   1.4376246683177418E-002   2.1915178578125614E-002   3.0021019318919637E-002   3.6108802954427359E-002   4.3916732418583709E-002   4.7624429128379595E-002   5.5472023876775155E-002   5.4965406220130603E-002   6.6270069102753917E-002   3.1459363899248999E-002  -5.7154947276005221E-003   3.0902857610433819E-003  -2.0559517703138174E-003   1.4886297564516786E-003  -1.1199061668492776E-003   8.5444922380446884E-004  -6.5037840628854834E-004   4.8673699771953821E-004  -3.5218477548282960E-004   2.4041314344294394E-004  -1.4814650369632219E-004   7.4416184551826824E-005  -2.1100345865878287E-005
   6.1977004128885719E-003   1.4169715483653558E-002   2.2331506370863948E-002   2.9332061859713810E-002   3.7147417330436604E-002   4.2420710313294946E-002   4.9748052891666783E-002   5.2412404453743455E-002   5.9637480815451394E-002   5.7897202268855454E-002   6.8540374710933549E-002   3.1984548601101802E-002  -5.7157155343910875E-003   3.0395433947146204E-003  -1.9872338231952079E-003   1.4115470141970253E-003  -1.0387315989069837E-003   7.7166493870067169E-004  -5.6777133451595086E-004   4.0586582953995321E-004  -2.7467077624339554E-004   1.6824119807453159E-004  -8.4181474341415321E-005   2.3819724304655648E-005
   6.1467953066663607E-003   1.4349875442011018E-002   2.1970478113961189E-002   2.9923963269043091E-002   3.6267374867961992E-002   4.3662852103750219E-002   4.8037661112195457E-002   5.4760866656515680E-002   5.6341287014826456E-002   6.2822470281792664E-002   5.9879184791945372E-002   6.9684813161987574E-002   3.1984548585387448E-002  -5.6216465436984249E-003   2.9380341872594093E-003  -1.8846467783688846E-003   1.3097305932191223E-003  -9.3872682826191128E-004   6.7437044155458704E-004  -4.7417661585112664E-004   3.1723060276550466E-004  -1.9278698447581307E-004   9.5978486940996702E-005  -2.7085404169929667E-005
   6.1917153948954093E-003   1.4191277794446351E-002   2.2286865734748400E-002   2.9408879374203094E-002   3.7025425457722770E-002   4.2608343788896053E-002   4.9459704437557012E-002   5.2867685856531989E-002   5.8872740168456048E-002   5.9346606737380021E-002   6.4974679905794752E-002   6.0878811967422265E-002   6.9684592287813013E-002   3.1459363820877648E-002  -5.4348326394656147E-003   2.7874278126770648E-003  -1.7498888309360116E-003   1.1848969409287669E-003  -8.2165167426566182E-004   5.6443777635473906E-004  -3.7172688618559345E-004   2.2354086796680324E-004  -1.1055269229917906E-004   3.1089701314673124E-005
   6.1518241533961753E-003   1.4331856895925255E-002   2.2007404989824054E-002   2.9861395224322906E-002   3.6364585842846756E-002   4.3517771845829459E-002   4.8251551655661674E-002   5.4442357498581916E-002   5.6831716761134791E-002   6.2016000946794908E-002   6.1379115690704554E-002   6.6058701672614503E-002   6.0879713881056542E-002   6.8539693444084740E-002   3.0417617950119998E-002  -5.1583197419510221E-003   2.5901599920987598E-003  -1.5851374919705371E-003   1.0391034832182254E-003  -6.8956504019456561E-004   4.4411469157088716E-004  -2.6322949033827619E-004   1.2901838320956104E-004  -3.6114090391736204E-005
   6.1874062234177837E-003   1.4206649258632270E-002   2.2255622509277213E-002   2.9461160488613632E-002   3.6945599421567769E-002   4.2724710000173291E-002   4.9293464819356661E-002   5.3104902262032155E-002   5.8528589956405780E-002   5.9864957062055760E-002   6.4138808027694491E-002   6.2405617915555753E-002   6.6056599582878753E-002   5.9881969683281841E-002   6.6268867525746136E-002   2.8876416742298322E-002  -4.7966008123730775E-003   2.3493870697210819E-003  -1.3930154115112765E-003   8.7474588151127436E-004  -5.4490802829892536E-004   3.1633621958958563E-004  -1.5312100320776951E-004   4.2587655466836052E-005
   6.1555907691850610E-003   1.4318470901491969E-002   2.2034426859537892E-002   2.9816640254163796E-002   3.6431955723066463E-002   4.3421404649877114E-002   4.8385844234795979E-002   5.4256885860328299E-002   5.7089291071686615E-002   6.1650820240477085E-002   6.1918007389675365E-002   6.5205956968232753E-002   6.2409549033592193E-002   6.4968177200534105E-002   5.7902125338332534E-002   6.2909317095427617E-002   2.6861067269923763E-002  -4.3555324407999595E-003   2.0689212023892395E-003  -1.1765522204129012E-003   6.9460152377197120E-004  -3.9079138701631269E-004   1.8575358934595684E-004  -5.1196255737772941E-005
   6.1840438405686799E-003   1.4218561340399290E-002   2.2231714643192964E-002   2.9500416653644654E-002   3.6887203722323833E-002   4.2806945527571021E-002   4.9181156814304308E-002   5.3256028517329419E-002   5.8325683280087907E-002   6.0140034576215341E-002   6.3757112629756779E-002   6.2957760039428462E-002   6.5199385226314632E-002   6.1391310927751144E-002   6.2810928805549310E-002   5.4972960428644094E-002   5.8516064978407979E-002   2.4404662812826723E-002  -3.8422196359412649E-003   1.7531456723044925E-003  -9.3916873896654376E-004   5.0205965242814201E-004  -2.3206799979468172E-004   6.3101376942773169E-005
   6.1586635947828757E-003   1.4307614151221780E-002   2.2056109203674280E-002   2.9781299189891693E-002   3.6484001452024170E-002   4.3349068648560002E-002   4.8482985146605179E-002   5.4128928941357519E-002   5.7256490548364264E-002   6.1431928945096477E-002   6.2208093193150946E-002   6.4811881085628215E-002   6.2968081620933120E-002   6.4118337878337858E-002   5.9368384476668479E-002   5.9619650018450439E-002   5.1143027225086291E-002   5.3161009159899346E-002   2.1547540233554183E-002  -3.2648611857239059E-003   1.4069145234444618E-003  -6.8479581988655977E-004   3.0216220340850946E-004  -8.0419571434143958E-005
   6.1811577722762816E-003   1.4228734818720975E-002   2.2211482990176314E-002   2.9533185389535921E-002   3.6839358811119105E-002   4.2872703866253178E-002   4.9094094722722054E-002   5.3368679954205821E-002   5.8181743167294034E-002   6.0323225805453719E-002   6.3522956674961079E-002   6.3261146323008582E-002   6.4796203457801821E-002   6.1950346171585610E-002   6.1979118238477064E-002   5.6375288656493903E-002   5.5445650499537945E-002   4.6476021049848167E-002   4.6931650329991845E-002   1.8336620300690554E-002  -2.6325373821328361E-003   1.0354863411157146E-003  -4.1872810436896323E-004   1.0740216348702139E-004
   6.1614666364310936E-003   1.4297753004314691E-002   2.2075648922704149E-002   2.9749820601668999E-002   3.6529627832080337E-002   4.3286951837185741E-002   4.8564243344573550E-002   5.4025355748575414E-002   5.7386378132328511E-002   6.1270434650146109E-002   6.2408547732956086E-002   6.4561706816609069E-002   6.3284664630167103E-002   6.3707569358448374E-002   5.9923989674127869E-002   5.8814241589930226E-002   5.2463572896837625E-002   5.0355406603237979E-002   4.1050138359688744E-002   3.9929428377111074E-002   1.4824646289905385E-002  -1.9548985591052214E-003   6.4491171070866246E-004  -1.5384369247647639E-004
   6.1783144560673322E-003   1.4238721317861053E-002   2.2191754503716014E-002   2.9564825862374692E-002   3.6793775917039570E-002   4.2934273191358154E-002   4.9014353970377289E-002   5.3469058158044799E-002   5.8057797648733180E-002   6.0474396766393844E-002   6.3339763808214433E-002   6.3482970277182318E-002   6.4526149309871064E-002   6.2283420078828672E-002   6.1558567779553104E-002   5.6927614025709776E-002   5.4670435114565472E-002   4.7702432996333408E-002   4.4428099784180178E-002   3.4957936239577693E-002   3.2267390904004475E-002   1.1069359869029403E-002  -1.2417591418286149E-003   2.4762213253195874E-004
   6.1645349586197653E-003   1.4286990336975926E-002   2.2096860143667928E-002   2.9715922331732578E-002   3.6578228380920820E-002   4.3221716620083971E-002   4.8648063856125918E-002   5.3920883574573378E-002   5.7513798855063115E-002   6.1117384384601431E-002   6.2590516177246175E-002   6.4346577611399627E-002   6.3538718501204405E-002   6.3406319960190013E-002   6.0285044906418152E-002   5.8372724829532818E-002   5.3022619128189556E-002   4.9603334640397283E-002   4.2182282170233898E-002   3.7749677535022709E-002   2.8308931286680925E-002   2.4065786633598006E-002   7.1328473579578304E-003  -5.0548724583142682E-004
   6.1746287488544903E-003   1.4251637608513472E-002   2.2166342331304253E-002   2.9605334706118668E-002   3.6735898022603117E-002   4.3011612418228644E-002   4.8915546939101100E-002   5.3591331494869707E-002   5.7909987964417167E-002   6.0649979464866298E-002   6.3133878044845396E-002   6.3722165008316692E-002   6.4249884761346229E-002   6.2601721741968930E-002   6.1191280300989116E-002   5.7354241984697893E-002   5.4167856019580470E-002   4.8310196547422975E-002   4.3656724675407814E-002   3.6034927428652941E-002   3.0388498533674028E-002   2.1250308656001884E-002   1.5434317959386384E-002   3.0853075754037423E-003
