   1.2074151433188771E-002   2.7729764687399072E-002   4.2518074160300220E-002   5.5941923596526860E-002   6.7568184234257561E-002   7.7022880538400049E-002   8.4002051078225295E-002   8.8281352683496406E-002   8.9723235178103267E-002   8.8281352683496406E-002   8.4002051078225295E-002   7.7022880538400049E-002   6.7568184234257561E-002   5.5941923596526860E-002   4.2518074160300220E-002   2.7729764687399072E-002   1.2074151433188771E-002
   4.7122623427467980E-003   2.4662239115687101E-002   5.9880423136672245E-002  0.10924299805157583       0.17116442039165936       0.24365473145676081       0.32438411827306213       0.41075790925207611       0.50000000000000000       0.58924209074792389       0.67561588172693787       0.75634526854323925       0.82883557960834064       0.89075700194842411       0.94011957686332770       0.97533776088431290       0.99528773765725320     
   6.0370757170712143E-003  -2.2715528410422654E-003   1.7060735679573955E-003  -1.3942881462666225E-003   1.1750593129715957E-003  -1.0019115913269172E-003   8.5577571624883772E-004  -7.2739537632628072E-004   6.1186890834748350E-004  -5.0651716996966383E-004   4.0992155644178332E-004  -3.2144970208678836E-004   2.4101615794607976E-004  -1.6897996636558015E-004   1.0615725307065779E-004  -5.4013148676849918E-005   1.5422094760692951E-005
   1.3063235665722513E-002   1.3864882343693364E-002  -3.7008500081496323E-003   2.5284363472321703E-003  -1.9819329116761036E-003   1.6287618470943591E-003  -1.3618686467339255E-003   1.1421620606733584E-003  -9.5222261903664764E-004   7.8339750655816349E-004  -6.3119819979523724E-004   4.9337882631561884E-004  -3.6905592651403972E-004   2.5830995227884890E-004  -1.6208238415056403E-004   8.2403779014571048E-005  -2.3518516797989498E-005
   1.1589665929572395E-002   3.0143413515273044E-002   2.1259037079341792E-002  -4.9393927146528490E-003   3.1590393348198439E-003  -2.3796029618815915E-003   1.8997236996756237E-003  -1.5497394981975195E-003   1.2691268548126987E-003  -1.0315035844006902E-003   8.2402402639510574E-004  -6.4015329502881547E-004   4.7671500242530519E-004  -3.3259242829411419E-004   2.0822410407634429E-004  -1.0570813615176742E-004   3.0146208988733090E-005
   1.2375085780761760E-002   2.6476448025667853E-002   4.6272207949977856E-002   2.7970961798386179E-002  -5.9984464138421968E-003   3.6523294175315742E-003  -2.6556360637288268E-003   2.0591987062337251E-003  -1.6350027640925804E-003   1.3022566546825368E-003  -1.0259812958598928E-003   7.8927670790135602E-004  -5.8365892977099969E-004   4.0517218781213816E-004  -2.5278339789362335E-004   1.2804125657987520E-004  -3.6471568586096741E-005
   1.1864173258038962E-002   2.8543143556447888E-002   4.0530211523864976E-002   6.0908234809467172E-002   3.3784092117186713E-002  -6.8553853089708197E-003   4.0112727358169340E-003  -2.8237487097769048E-003   2.1261078491767540E-003  -1.6390384981554635E-003   1.2638763021341609E-003  -9.5806233456609551E-004   7.0118579354939178E-004  -4.8323043787549245E-004   2.9997851881279346E-004  -1.5145936084721043E-004   4.3068577645164674E-005
   1.2231211676294543E-002   2.7143378117590735E-002   4.3831659608274384E-002   5.3289226998165941E-002   7.3582058739003531E-002   3.8511440269534188E-002  -7.4866248062130008E-003   4.2312494903886440E-003  -2.8873263544947070E-003   2.1081398107268006E-003  -1.5720499839305022E-003   1.1657136830792926E-003  -8.4045847004152977E-004   5.7325377839669131E-004  -3.5337662111451906E-004   1.7762616328785490E-004  -5.0390641775285994E-005
   1.1951145323189614E-002   2.8179328676379491E-002   4.1556519147113773E-002   5.7710468386798636E-002   6.4341662836627039E-002   8.3887491588865562E-002   4.2001025539228964E-002  -7.8735894653439355E-003   4.3082856984604451E-003  -2.8484120089632280E-003   2.0106359162197149E-003  -1.4414388285735359E-003   1.0166159723049115E-003  -6.8326149808615674E-004   4.1708403798460317E-004  -2.0836369261461151E-004   5.8920644019608413E-005
   1.2173636564584171E-002   2.7371003928341776E-002   4.3264459854740596E-002   5.4637055318326577E-002   6.9729405910812836E-002   7.3331239958501215E-002   9.1493980510034531E-002   4.4140676342102371E-002  -8.0046656746106011E-003   4.2414297915082761E-003  -2.7103396561926826E-003   1.8392899050883632E-003  -1.2544761928940935E-003   8.2521098812681718E-004  -4.9679286243592120E-004   2.4607040844750128E-004  -6.9275841710786021E-005
   1.1991811582084809E-002   2.8024057566906187E-002   4.1916659935870543E-002   5.6961338461988233E-002   6.5967068909179694E-002   7.9501504859437522E-002   7.9968482353261872E-002   9.6157380695002889E-002   4.4861617589346869E-002  -7.8760280113469045E-003   4.0335687249193619E-003  -2.4786243210231313E-003   1.6011153251091063E-003  -1.0194148653702984E-003   6.0141422258137064E-004  -2.9429287856635761E-004   8.2339851464172781E-005
   1.2143427275142058E-002   2.7483694279850219E-002   4.3014867021239807E-002   5.5116712608300943E-002   6.8822660427317481E-002   7.5183590633204164E-002   8.6712390734515504E-002   8.4039922891863419E-002   9.7727900853038757E-002   4.4140676341997864E-002  -7.4919294318602477E-003   3.6916405799928701E-003  -2.1612216766364609E-003   1.3048682784517075E-003  -7.4638569653833354E-004   3.5876075992724490E-004  -9.9485130886235336E-005
   1.2015230789321900E-002   2.7938128380802920E-002   4.2100990121170800E-002   5.6625185094416809E-002   6.6551568262126923E-002   7.8464319366912741E-002   8.1991415161990711E-002   9.1129764692557472E-002   8.5414949479415900E-002   9.6154942149473163E-002   4.2001025539376152E-002  -6.8646110504568944E-003   3.2265213975805436E-003  -1.7685447899946890E-003   9.6155501101448111E-004  -4.4956398830837805E-004   1.2300611068029308E-004
   1.2124542075062913E-002   2.7552138524716382E-002   4.2871450780655317E-002   5.5368669817808365E-002   6.8408642704577013E-002   7.5857166855128777E-002   8.5574101062315180E-002   8.6173212872621835E-002   9.2610561532763758E-002   8.4050103192841327E-002   9.1488675885254292E-002   3.8511440269221799E-002  -6.0138745050036593E-003   2.6526965987546144E-003  -1.3135854501883214E-003   5.8638657026054608E-004  -1.5706024227136911E-004
   1.2031082855599602E-002   2.7881224048690666E-002   4.2218095640985623E-002   5.6425154034135054E-002   6.6866998440884881E-002   7.7980942872896086E-002   8.2738174776094894E-002   8.9920391181709691E-002   8.7597127328802690E-002   9.1105101393484419E-002   7.9990778342006311E-002   8.3878265848667019E-002   3.3784092116950507E-002  -4.9663112128261406E-003   1.9878626344377701E-003  -8.1337886890338361E-004   2.0997817612716875E-004
   1.2110623001809788E-002   2.7601723431090436E-002   4.2770857557931925E-002   5.5536751408462280E-002   6.8151843164215131E-002   7.6233603830371921E-002   8.5028032374188448E-002   8.6979096028723196E-002   9.1358237942283399E-002   8.6222153977166913E-002   8.6657687142077847E-002   7.3370551120593583E-002   7.3566630649678277E-002   2.7970961797795148E-002  -3.7541337916487355E-003   1.2533166617210794E-003  -3.0093434652963023E-004
   1.2044005224219539E-002   2.7835472823691702E-002   4.2309850056108982E-002   5.6274516024644367E-002   6.7091469231969278E-002   7.7663033833320128E-002   8.3178027051934653E-002   8.9312856267788995E-002   8.8454108323409317E-002   8.9831092181556549E-002   8.2102327378717047E-002   7.9402483500050691E-002   6.4409144899711265E-002   6.0881316312881413E-002   2.1259037078167242E-002  -2.4136488279232577E-003   4.8448550467022113E-004
   1.2097669949989129E-002   2.7647360908460542E-002   4.2680156544371420E-002   5.5683613644229274E-002   6.7937240160744539E-002   7.6529501712153988E-002   8.4633249277914976E-002   8.7497955177081366E-002   9.0675457796955461E-002   8.7139190623056459E-002   8.5363919724661827E-002   7.5394118691699361E-002   6.9550117145312132E-002   5.3413487250730113E-002   4.6218924167488157E-002   1.3864882342498301E-002  -9.8908423138408712E-004
   1.2058729338431230E-002   2.7783777836080811E-002   4.2411916907233761E-002   5.6110903562858437E-002   6.7327168076349128E-002   7.7344330240443210E-002   8.3592129521835853E-002   8.8787869853403700E-002   8.9111366269828962E-002   8.9008748059738255E-002   8.3146275362071698E-002   7.8024792129623419E-002   6.6393124921382024E-002   5.7336211742754009E-002   4.0812000592654607E-002   3.0001317527676100E-002   6.0370757165717397E-003
