   3.33316736E-02   7.47254044E-02  0.109544076      0.134633407      0.147761986      0.147761986      0.134633407      0.109544076       7.47254044E-02   3.33316736E-02
   1.30465627E-02   6.74681664E-02  0.160295308      0.283302307      0.425562710      0.574437320      0.716697693      0.839704692      0.932531834      0.986953437    
   1.66674424E-02  -6.12045033E-03   4.39183833E-03  -3.34523385E-03   2.54747760E-03  -1.88255229E-03   1.31076947E-03  -8.20956251E-04   4.17227275E-04  -1.19089309E-04
   3.60655077E-02   3.73630337E-02  -9.53170191E-03   6.07255893E-03  -4.30425024E-03   3.06866900E-03  -2.09422247E-03   1.29631464E-03  -6.54359290E-04   1.86144578E-04
   3.19979452E-02   8.12284350E-02   5.47707304E-02  -1.18773337E-02   6.87790476E-03  -4.50255675E-03   2.94074672E-03  -1.77604938E-03   8.84200854E-04  -2.49825884E-04
   3.41621414E-02   7.13566467E-02  0.119206712       6.73160776E-02  -1.30968448E-02   6.94910577E-03  -4.14863182E-03   2.39292067E-03  -1.16234878E-03   3.24576802E-04
   3.27584259E-02   7.69037008E-02  0.104443535      0.146566585       7.38791525E-02  -1.31119611E-02   6.33131573E-03  -3.33800586E-03   1.55174627E-03  -4.24711237E-04
   3.37573625E-02   7.31750429E-02  0.112881273      0.128301680      0.160874516       7.38792568E-02  -1.19330417E-02   5.09918854E-03  -2.17666174E-03   5.74751757E-04
   3.30076925E-02   7.58886859E-02  0.107150845      0.138781503      0.140813261      0.160859197       6.73135221E-02  -9.66376904E-03   3.37016070E-03  -8.28282675E-04
   3.35817859E-02   7.38418102E-02  0.111319900      0.131692514      0.152264386      0.140884727      0.146510676       5.47682866E-02  -6.50164485E-03   1.33650703E-03
   3.31456698E-02   7.53799230E-02  0.108247876      0.136727288      0.144693643      0.152065784      0.128561959      0.119073868       3.73596549E-02  -2.73028389E-03
   3.34507525E-02   7.43083060E-02  0.110364832      0.133322865      0.149644166      0.145215049      0.137977973      0.105153218       8.08436945E-02   1.66657194E-02
