   1.35762297058771093353E-0002   3.11267619693236574881E-0002   4.75792558412465828099E-0002   6.23144856277670508788E-0002   7.47979944082883678287E-0002   8.45782596975012692476E-0002   9.13017075224617943074E-0002   9.47253052275342482183E-0002   9.47253052275342482183E-0002   9.13017075224617943074E-0002   8.45782596975012692476E-0002   7.47979944082883678287E-0002   6.23144856277670508788E-0002   4.75792558412465828099E-0002   3.11267619693236574881E-0002   1.35762297058771093353E-0002
   5.29953250417503687062E-0003   2.77124884633836859882E-0002   6.71843988060841451702E-0002  0.122297795822498492379        0.191061877798678125584        0.270991611171386306785        0.359198224610370543344        0.452493745081181280042        0.547506254918818719985        0.640801775389629456629        0.729008388828613693188        0.808938122201321874443        0.877702204177501507621        0.932815601193915854830        0.972287511536616314012        0.994700467495824963129      
   6.78811485293853075127E-0003  -2.54981560166642263772E-0003   1.90909917813672295484E-0003  -1.55293958635445950657E-0003   1.30038636167335385484E-0003  -1.09941397810467569013E-0003   9.28810382461166377284E-0004  -7.78400292638017459763E-0004   6.42913073058191977156E-0004  -5.19591764617301056459E-0004   4.07121321020350611028E-0004  -3.05112838734354880546E-0004   2.13868739423092277771E-0004  -1.34342751558613528165E-0004   6.83510931380568014242E-0005  -1.95156840005831273150E-0005
   1.46883557390946398350E-0002   1.55633809846619353635E-0002  -4.14132717596761750078E-0003   2.81624066329178450165E-0003  -2.19345482567797037218E-0003   1.78743918153623355052E-0003  -1.47829989566991861303E-0003   1.22248349189014297312E-0003  -1.00078933565830515806E-0003   8.03884822279937208014E-0004  -6.27151628945020749107E-0004   4.68554602991502790285E-0004  -3.27706017463431771259E-0004   2.05533641770746163746E-0004  -1.04467756262960146064E-0004   2.98119715119923523175E-0005
   1.30314887570029144695E-0002   3.38360541380276132894E-0002   2.37896279206232605069E-0002  -5.50189263400223240289E-0003   3.49652217282336479488E-0003  -2.61183969113451293522E-0003   2.06262230133838709301E-0003  -1.65927082379872815573E-0003   1.33445175087721982786E-0003  -1.05910023568190488508E-0003   8.19360728619001769390E-0004  -6.08529289730642064195E-0004   4.23816016176223643742E-0004  -2.65040935248509748492E-0004   1.34461891657841550277E-0004  -3.83332614651408239118E-0005
   1.39145629895638558895E-0002   2.97200191888691742026E-0002   5.17801403483892447697E-0002   3.11572428138834465484E-0002  -6.63991736447015206107E-0003   4.00953505144563942917E-0003  -2.88422816336005274474E-0003   2.20571795868411628826E-0003  -1.72022146419668233230E-0003   1.33820251837443762300E-0003  -1.02127769889472376253E-0003   7.51328230970272733753E-0004  -5.19808800401354794766E-0004   3.23598124258298368938E-0004  -1.63692712837769097105E-0004   4.65948022207609178884E-0005
   1.33402027362754005064E-0002   3.20395557786961932185E-0002   4.53551063258562532045E-0002   6.78462253281563494741E-0002   3.73989972041442122493E-0002  -7.52716211388618937410E-0003   4.35798231923590232502E-0003  -3.02623842372019805288E-0003   2.23860976756050584265E-0003  -1.68603154019662587571E-0003   1.25982769450142642178E-0003  -9.13650835738438726802E-0004   6.25934326460298459669E-0004  -3.87087528108611455899E-0004   1.94986345721211201511E-0004  -5.53795862795332374959E-0005
   1.37527040949456027916E-0002   3.04689428780195241738E-0002   4.90485387199113449322E-0002   5.93603918070740827399E-0002   8.14547479489547476204E-0002   4.22891298487506147118E-0002  -8.13602844568461763695E-0003   4.53707368665634752576E-0003  -3.04264485970263731721E-0003   2.17120095070616805217E-0003  -1.56962068732265287960E-0003   1.11414665170164675542E-0003  -7.52443887085728457769E-0004   4.60929012640640324445E-0004  -2.30806350741479018294E-0004   6.53498025627458733460E-0005
   1.34381190018423224089E-0002   3.16307469463899416505E-0002   4.65043796221451951017E-0002   6.42830051583428217196E-0002   7.12277617588559669673E-0002   9.21151518921634463236E-0002   4.56508537612309468305E-0002  -8.44642793523079560798E-0003   4.54380119920976832376E-0003  -2.93743652117926418059E-0003   2.01131394852733893376E-0003  -1.38126417498599474789E-0003   9.13338905274817650587E-0004  -5.51919591017909184971E-0004   2.74062032275840840385E-0004  -7.72613934738421238371E-0005
   1.36877916707668796222E-0002   3.07250535496773172006E-0002   4.84126854179135700049E-0002   6.08634670250273131387E-0002   7.71876047046274438613E-0002   8.05272007369101758305E-0002   9.94428614738753870452E-0002   4.73626526137670776172E-0002  -8.44803342103765934832E-0003   4.37957742267446068714E-0003  -2.71671446709040272273E-0003   1.76767465118345834668E-0003  -1.13163758564592255146E-0003   6.70277294016358477144E-0004  -3.28859657486950211992E-0004   9.21436520028455733189E-0005
   1.34840860538741841303E-0002   3.14556216268107934975E-0002   4.69089785472302721361E-0002   6.34461232134127478088E-0002   7.30303197571049716053E-0002   8.72949741645916290632E-0002   8.69221300997873528297E-0002  0.103173338648571963594         4.73626526137671443905E-0002  -8.14115395141352347338E-0003   4.05105896059104440859E-0003  -2.38961029633901521987E-0003   1.45101860273951567089E-0003  -8.33429576666992814133E-0004   4.01708419646583567676E-0004  -1.11561964889863458574E-0004
   1.36534910993508888773E-0002   3.08526999370479453564E-0002   4.81311754322645749847E-0002   6.14011467224920227895E-0002   7.61792585832744218106E-0002   8.25669457489738843839E-0002   9.42391440436410904069E-0002   9.01815040283244579716E-0002  0.103171733162765138112         4.56508537612308239667E-0002  -7.53689219466216992067E-0003   3.57023264943243264567E-0003  -1.96851953057596386188E-0003   1.07487621910131755563E-0003  -5.03984977065992285141E-0004   1.38110704034686451597E-0004
   1.35108799033143181926E-0002   3.13575683200652168980E-0002   4.71183268286060379479E-0002   6.30669295148526008594E-0002   7.36838477565867715202E-0002   8.61478803848238784330E-0002   8.91305065717556604252E-0002   9.77679500872368606164E-0002   9.01882315408779170639E-0002   9.94377359681465295896E-0002   4.22891298487505769070E-0002  -6.65675354066632713463E-0003   2.95409382069278874638E-0003  -1.46928287866487699609E-0003   6.57819091304448499179E-0004  -1.76474389068591573791E-0004
   1.36316092921566117994E-0002   3.09317756236024938045E-0002   4.79663433693552766459E-0002   6.16885513013066245927E-0002   7.57116452440268328833E-0002   8.33184320029998217957E-0002   9.29877390626584307998E-0002   9.24866954599737438664E-0002   9.77515436512544296947E-0002   8.69437252032259369022E-0002   9.21054218113875725713E-0002   3.73989972041440655296E-0002  -5.53173970038941128249E-0003   2.22414951539016766200E-0003  -9.12793809372210588492E-0004   2.36026969601617385393E-0004
   1.35296349036563306895E-0002   3.12904546821614477271E-0002   4.72556577169883527304E-0002   6.28342944281683110698E-0002   7.40466661773181253375E-0002   8.55995373963959583314E-0002   8.99635050040873922233E-0002   9.64455266917308931421E-0002   9.25195872688501743568E-0002   9.41859356858217915755E-0002   8.05687246460557466844E-0002   8.14379117727586030934E-0002   3.11572428138833406795E-0002  -4.20088450714277050365E-0003   1.40674278045477260549E-0003  -3.38333283686821508336E-0004
   1.36145629673422394825E-0002   3.09923000776658299905E-0002   4.78442967764951236399E-0002   6.18906696115907909360E-0002   7.54065236980190021162E-0002   8.37588989688822801210E-0002   9.23608077581436772124E-0002   9.33908534766570614278E-0002   9.63845760513329302888E-0002   8.92390852211234699727E-0002   8.71900993886356937075E-0002   7.13014722354652416350E-0002   6.78163782617690941680E-0002   2.37896279206230869024E-0002  -2.70929216870363371832E-0003   5.44740948874116373029E-0004
   1.35464177343651134331E-0002   3.12312297255866202227E-0002   4.73737221994758552909E-0002   6.26421916452304598896E-0002   7.43294398052968726396E-0002   8.52054113264462801129E-0002   9.04978227001818677077E-0002   9.57260945631925420237E-0002   9.35028217356441176982E-0002   9.27800074181316989549E-0002   8.27908205159650507346E-0002   7.69914492339663404866E-0002   5.94982449644753831173E-0002   5.17205830172138650313E-0002   1.55633809846619931659E-0002  -1.11212603321759072810E-0003
   1.35957453898776923292E-0002   3.10584108761855992515E-0002   4.77135985928052036440E-0002   6.21006168883439484711E-0002   7.51031072470227323913E-0002   8.41711383764809056350E-0002   9.18212992870791116444E-0002   9.40823921544760363039E-0002   9.55037055201722898397E-0002   9.03728971400005988494E-0002   8.56776736756059799087E-0002   7.34976080466149730901E-0002   6.38674252141215839892E-0002   4.56701566631097505577E-0002   3.36765775709901520510E-0002   6.78811485293856453857E-0003
