          17
   1.00629628E-02   2.89620645E-02   4.14787717E-02   5.60445637E-02   6.75530508E-02   7.70288184E-02   8.40019658E-02   8.82812813E-02   8.97232369E-02   8.82812813E-02   8.40019658E-02   7.70288184E-02   6.75530508E-02   5.60445637E-02   4.14787717E-02   2.89620645E-02   1.00629628E-02
   4.64898348E-03   2.47960687E-02   5.97800910E-02  0.109277219      0.171160042      0.243654579      0.324384212      0.410757840      0.500000000      0.589242160      0.675615788      0.756345391      0.828839958      0.890722752      0.940219879      0.975203931      0.995351017    
   5.90930041E-03  -2.20646663E-03   1.66899117E-03  -1.35851663E-03   1.14652328E-03  -9.77398944E-04   8.34852690E-04  -7.09618325E-04   5.96917700E-04  -4.94142820E-04   3.99907964E-04  -3.13596218E-04   2.35169879E-04  -1.64720666E-04   1.03682200E-04  -5.28077471E-05   1.48676518E-05
   1.29370335E-02   1.41802644E-02  -3.92556190E-03   2.68293777E-03  -2.11121491E-03   1.73693988E-03  -1.45347521E-03   1.21960975E-03  -1.01713720E-03   8.37004336E-04  -6.74505893E-04   5.27293538E-04  -3.94531089E-04   2.75890285E-04  -1.73456865E-04   8.82798486E-05  -2.48445249E-05
   1.14276325E-02   3.03994790E-02   2.06679311E-02  -4.61478019E-03   2.91605270E-03  -2.18004594E-03   1.73287711E-03  -1.40972843E-03   1.15232263E-03  -9.35356249E-04   7.46521284E-04  -5.79548476E-04   4.31445718E-04  -3.00608721E-04   1.88515682E-04  -9.57863231E-05   2.69330030E-05
   1.21006696E-02   2.67339870E-02   4.58593443E-02   2.82384958E-02  -6.31922437E-03   3.90801951E-03  -2.86755431E-03   2.23623705E-03  -1.78230007E-03   1.42330199E-03  -1.12344103E-03   8.65417824E-04  -6.40710234E-04   4.44664212E-04  -2.78094929E-04   1.41056007E-04  -3.96244614E-05
   1.14750825E-02   2.88413204E-02   4.00899872E-02   6.13497794E-02   3.31031345E-02  -6.53879996E-03   3.75369377E-03  -2.60998099E-03   1.94880541E-03  -1.49359938E-03   1.14690349E-03  -8.66732677E-04   6.33034797E-04  -4.35134949E-04   2.70327117E-04  -1.36533476E-04   3.82659127E-05
   1.17000733E-02   2.74934694E-02   4.33078259E-02   5.38234971E-02   7.31180906E-02   3.84516120E-02  -7.75946397E-03   4.46480094E-03  -3.08351265E-03   2.27019843E-03  -1.70295069E-03   1.26819755E-03  -9.17369791E-04   6.26526133E-04  -3.87559994E-04   1.95222732E-04  -5.46371302E-05
   1.12711666E-02   2.86106449E-02   4.09145802E-02   5.83274774E-02   6.38321638E-02   8.42716694E-02   4.10990380E-02  -7.54548097E-03   4.04266594E-03  -2.63230945E-03   1.83747779E-03  -1.30650855E-03   9.16041201E-04  -6.12369389E-04   3.73336516E-04  -1.86344492E-04   5.18969755E-05
   1.13185411E-02   2.79283486E-02   4.24401984E-02   5.54034114E-02   6.90857843E-02   7.38726258E-02   9.09952596E-02   4.38170694E-02  -8.26329924E-03   4.46483726E-03  -2.89380434E-03   1.98412058E-03  -1.36369560E-03   9.01089166E-04  -5.45538089E-04   2.71203200E-04  -7.53763961E-05
   1.09543027E-02   2.87362747E-02   4.09011282E-02   5.78332543E-02   6.52611330E-02   8.00642222E-02   7.95239285E-02   9.64550748E-02   4.37094569E-02  -7.54752802E-03   3.78105254E-03  -2.28512031E-03   1.45814579E-03  -9.19115380E-04   5.39693632E-04  -2.63318507E-04   7.24648053E-05
   1.09109515E-02   2.83713099E-02   4.18034904E-02   5.60884401E-02   6.80420473E-02   7.58244246E-02   8.61665532E-02   8.45276192E-02   9.72107723E-02   4.35026623E-02  -7.67229777E-03   3.84497154E-03  -2.28023645E-03   1.38834491E-03  -8.00710346E-04   3.87042062E-04  -1.06042949E-04
   1.06003275E-02   2.89779622E-02   4.07666899E-02   5.75809628E-02   6.58199266E-02   7.90392980E-02   8.15318897E-02   9.14916024E-02   8.51579234E-02   9.62018892E-02   4.07551937E-02  -6.63796905E-03   3.06812814E-03  -1.65957492E-03   8.95777543E-04  -4.17075673E-04   1.12126443E-04
   1.05391396E-02   2.87160296E-02   4.14702557E-02   5.62615767E-02   6.77404255E-02   7.63908625E-02   8.51297453E-02   8.65547732E-02   9.22722816E-02   8.43803510E-02   9.09862593E-02   3.75793278E-02  -6.08735997E-03   2.70765834E-03  -1.35179865E-03   6.07327092E-04  -1.60696916E-04
   1.03059122E-02   2.91151088E-02   4.08416986E-02   5.71555942E-02   6.63540140E-02   7.83746019E-02   8.24253634E-02   9.01720598E-02   8.73987600E-02   9.12507251E-02   7.99266472E-02   8.35947394E-02   3.26117687E-02  -4.90128435E-03   1.94848957E-03  -7.95164262E-04   2.01644623E-04
   1.02725700E-02   2.88639795E-02   4.14701439E-02   5.60801104E-02   6.77990541E-02   7.64969364E-02   8.48240107E-02   8.71404931E-02   9.12322626E-02   8.63170251E-02   8.65914077E-02   7.34422952E-02   7.30602369E-02   2.68883277E-02  -3.80858779E-03   1.28383876E-03  -3.04200978E-04
   1.01209078E-02   2.91091017E-02   4.10848819E-02   5.66687733E-02   6.68341070E-02   7.78806433E-02   8.29773620E-02   8.95123109E-02   8.82468075E-02   9.00559202E-02   8.18459094E-02   7.97264129E-02   6.39797747E-02   6.06976710E-02   2.02372577E-02  -2.49848166E-03   4.96985216E-04
   1.01224463E-02   2.88966093E-02   4.15661000E-02   5.58991693E-02   6.78386763E-02   7.65981078E-02   8.45842361E-02   8.75353068E-02   9.06492174E-02   8.71521235E-02   8.53707269E-02   7.53547922E-02   6.96966127E-02   5.28702326E-02   4.63378876E-02   1.22687267E-02  -9.01259773E-04
   1.00615295E-02   2.89944410E-02   4.14077118E-02   5.61556444E-02   6.74096569E-02   7.72104859E-02   8.37766975E-02   8.85544494E-02   8.93982351E-02   8.86617079E-02   8.35630670E-02   7.75273517E-02   6.70036748E-02   5.66008650E-02   4.08423916E-02   2.98538581E-02   4.89549944E-03
