          12
   2.35785265E-02   5.34765236E-02   8.00387561E-02  0.101584658      0.116746448      0.124573499      0.124573499      0.116746448      0.101584658       8.00387561E-02   5.34765236E-02   2.35785265E-02
   9.21964645E-03   4.79414463E-02  0.115048558      0.206341177      0.316084296      0.437383264      0.562616706      0.683915734      0.793658853      0.884951472      0.952058554      0.990780354    
   1.17937364E-02  -4.37985267E-03   3.21053527E-03  -2.52865022E-03   2.02322705E-03  -1.60734437E-03   1.24773290E-03  -9.30491020E-04   6.50617527E-04  -4.08233172E-04   2.07613193E-04  -5.92702454E-05
   2.55196113E-02   2.67351381E-02  -6.96598226E-03   4.58757952E-03  -3.41504929E-03   2.61593517E-03  -1.98883866E-03   1.46433595E-03  -1.01558154E-03   6.33913034E-04  -3.21358471E-04   9.15920828E-05
   2.26408653E-02   5.81239536E-02   4.00185511E-02  -8.96579958E-03   5.44840517E-03  -3.82808107E-03   2.78131966E-03  -1.99417281E-03   1.36049499E-03  -8.40470835E-04   4.23419027E-04  -1.20296114E-04
   2.41734367E-02   5.10567203E-02   8.71027932E-02   5.07927500E-02  -1.03588440E-02   5.88949118E-03  -3.90265347E-03   2.66433484E-03  -1.76624127E-03   1.07224740E-03  -5.34633349E-04   1.51102009E-04
   2.31764056E-02   5.50366305E-02   7.63016716E-02  0.110598333       5.83710149E-02  -1.10745626E-02   5.91619452E-03  -3.67543637E-03   2.31752871E-03  -1.36705348E-03   6.70507667E-04  -1.87964673E-04
   2.38882843E-02   5.23510538E-02   8.24966580E-02   9.67838690E-02  0.127124622       6.22869730E-02  -1.10832667E-02   5.54607622E-03  -3.18256486E-03   1.78756530E-03  -8.53808771E-04   2.36313048E-04
   2.33463161E-02   5.43287136E-02   7.82492310E-02  0.104768507      0.111198686      0.135658219       6.22838736E-02  -1.03789996E-02   4.80148057E-03  -2.45946273E-03   1.12260296E-03  -3.04302957E-04
   2.37693302E-02   5.28053232E-02   8.14037919E-02   9.92685780E-02  0.120420285      0.118657880      0.135649472       5.83715700E-02  -9.01347212E-03   3.73611972E-03  -1.56426383E-03   4.08849446E-04
   2.34291535E-02   5.40111065E-02   7.89646208E-02  0.103352427      0.114080571      0.128476977      0.118683927      0.127106696       5.07881381E-02  -7.06478534E-03   2.41463026E-03  -5.87154471E-04
   2.36997511E-02   5.30531518E-02   8.08781385E-02  0.100224890      0.118740067      0.121792048      0.128402308      0.111297369      0.110552773       4.00156826E-02  -4.65383334E-03   9.46267974E-04
   2.34873015E-02   5.37979938E-02   7.94042796E-02  0.102600709      0.115281649      0.126562595      0.121957302      0.120162077       9.69961062E-02   8.70088339E-02   2.67285425E-02  -1.93194253E-03
   2.36377884E-02   5.32691889E-02   8.04463699E-02  0.100934856      0.117675789      0.123327307      0.126178935      0.114725702      0.104109995       7.68329278E-02   5.78500554E-02   1.17882323E-02
