   9.7308941076727738E-003   2.2407113383277343E-002   3.4522271366313105E-002   4.5745010813945192E-002   5.5783322773523852E-002   6.4376981269671035E-002   7.1303351086798694E-002   7.6383021032929460E-002   7.9484421696977267E-002   8.0527224924391849E-002   7.9484421696977267E-002   7.6383021032929460E-002   7.1303351086798694E-002   6.4376981269671035E-002   5.5783322773523852E-002   4.5745010813945192E-002   3.4522271366313105E-002   2.2407113383277343E-002   9.7308941076727738E-003
   3.7965780781221703E-003   1.9895923932294224E-002   4.8422048192502620E-002   8.8642671731510636E-002  0.13951691133238064       0.19972734766914990       0.26771462931201884       0.34171795001818489       0.41982067717988741       0.50000000000000000       0.58017932282011264       0.65828204998181516       0.73228537068798116       0.80027265233085010       0.86048308866761936       0.91135732826848936       0.95157795180749738       0.98010407606770578       0.99620342192187783     
   4.8654470572351768E-003  -1.8355448066203280E-003   1.3852912567496652E-003  -1.1403127184187194E-003   9.7050599938396825E-004  -8.3818158600739963E-004   7.2774286205146772E-004  -6.3150173625415055E-004   5.4527491885823765E-004  -4.6666081828455826E-004   3.9425802611884941E-004  -3.2727333412891496E-004   2.6531194198940348E-004  -2.0826286607826660E-004   1.5624157193500779E-004  -1.0957664667674286E-004   6.8848500618133986E-005  -3.5032306404300755E-005   1.0002762004802095E-005
   1.0528029017674087E-002   1.1203556691266202E-002  -3.0049355332870081E-003   2.0677725300403994E-003  -1.6367854387913593E-003   1.3624216628129147E-003  -1.1579097399689960E-003   9.9134381976925508E-004  -8.4830760508994903E-004   7.2144867065568720E-004  -6.0675310589941979E-004   5.0197896399122141E-004  -4.0591946948227741E-004   3.1803195793752773E-004  -2.3825109086783274E-004   1.6691528970384700E-004  -1.0479577276304675E-004   5.3296809470185664E-005  -1.5213725143634917E-005
   9.3404179952202033E-003   2.4357504493985254E-002   1.7261135684044020E-002  -4.0392149676804776E-003   2.6085760065798344E-003  -1.9900743794876849E-003   1.6147209940941007E-003  -1.3445286234163719E-003   1.1299807997174182E-003  -9.4922469050965123E-004   7.9135320438454516E-004  -6.5052655729266526E-004   5.2354433383998585E-004  -4.0872806390023051E-004   3.0537739723250737E-004  -2.1352056947932164E-004   1.3386761643829581E-004  -6.8019011177648597E-005   1.9406529262090480E-005
   9.9734618194004011E-003   2.1394263835359102E-002   3.7570535491008833E-002   2.2872505405483672E-002  -4.9525824710439353E-003   3.0537134412867476E-003  -2.2563443193199728E-003   1.7855064529696159E-003  -1.4545955464517336E-003   1.1971259049689542E-003  -9.8396616508285512E-004   8.0068134306468172E-004  -6.3960348164035768E-004   4.9657863324450448E-004  -3.6948989772037701E-004   2.5756797969361350E-004  -1.6113702703456133E-004   8.1759513348930992E-005  -2.3309181211585657E-005
   9.5615981542153932E-003   2.3064579362597596E-002   3.2907918470358538E-002   4.9806366919623507E-002   2.7891661385380739E-002  -5.7305092203211510E-003   3.4067225463030718E-003  -2.4468200403505408E-003   1.8897084834929049E-003  -1.5047539779680708E-003   1.2100284364552755E-003  -9.6974067771120201E-004   7.6622040760224305E-004  -5.9014069783052217E-004   4.3653037903907516E-004  -3.0299950810039843E-004   1.8898697409332958E-004  -9.5700989830606092E-005   2.7254923463232607E-005
   9.8575893396183872E-003   2.1932907603139404E-002   3.5589452314499975E-002   4.3575102381489053E-002   6.0748868519680060E-002   3.2188490633899634E-002  -6.3560093257519646E-003   3.6639929957305137E-003  -2.5636106952216381E-003   1.9325262717207650E-003  -1.5020011122302091E-003   1.1767445392993107E-003  -9.1521422216787169E-004   6.9697909677971805E-004  -5.1136304297158671E-004   3.5285896447320052E-004  -2.1918115547801887E-004   1.1069450603443455E-004  -3.1479946067762272E-005
   9.6315777596422975E-003   2.2770987093122794E-002   3.3740487125678634E-002   4.7192579456078347E-002   5.3118114188617525E-002   7.0115571210952410E-002   3.5651675541176840E-002  -6.8142617034229530E-003   3.8213568690043231E-003  -2.6069849143124735E-003   1.9166751093754924E-003  -1.4505652864162495E-003   1.1024982928636139E-003  -8.2631079639455406E-004   5.9944335943241196E-004  -4.1034071650953723E-004   2.5347952500499377E-004  -1.2756039423985718E-004   3.6207588779948530E-005
   9.8113449294302910E-003   2.2116300673601277E-002   3.5129948066737929E-002   4.4675689241556044E-002   5.7570261156162601E-002   6.1288902201643729E-002   7.7664446629626460E-002   3.8191510514393574E-002  -7.0940825404372729E-003   3.8760044903490463E-003  -2.5775351058663649E-003   1.8446196605116610E-003  -1.3540989151240939E-003   9.9178142130758882E-004  -7.0821180564766765E-004   4.7951987495507657E-004  -2.9401369628570778E-004   1.4725654223598060E-004  -4.1693325541122978E-005
   9.6641387343000956E-003   2.2646256152635276E-002   3.4031489615963119E-002   4.6582162137491764E-002   5.4457097884531507E-002   6.6453331757166056E-002   6.7875313935578024E-002   8.3200299744368808E-002   3.9742210845080082E-002  -7.1885831094045541E-003   3.8271945660160725E-003  -2.4769623275325888E-003   1.7193980320205980E-003  -1.2165188521214313E-003   8.4921554936524010E-004  -5.6629389616545342E-004   3.4370647083191658E-004  -1.7104717309780046E-004   4.8267107239010183E-005
   9.7872853124018767E-003   2.2206366590397389E-002   3.4929206941099432E-002   4.5064960835228048E-002   5.6825705357441247E-002   6.2832035350649282E-002   7.3611722705959143E-002   7.2706488869761554E-002   8.6579914827659019E-002   4.0263612458948668E-002  -7.0954931311770610E-003   3.6765321640059613E-003  -2.3083716200699182E-003   1.5449459200175299E-003  -1.0423825848964231E-003   6.8004997710094915E-004  -4.0693557232156501E-004   2.0074679315179816E-004  -5.6391202052290002E-005
   9.6826270026530350E-003   2.2578160556495541E-002   3.4178564897693983E-002   4.6311304709005498E-002   5.4934107222871204E-002   6.5593500122997639E-002   6.9583953053711095E-002   7.8859983361453334E-002   7.5657227130003571E-002   8.7715808035127116E-002   3.9742210843624629E-002  -6.8172787102252184E-003   3.4280371502943521E-003  -2.0763504866036305E-003   1.3262248882162297E-003  -8.3715132547391156E-004   4.9078175283637910E-004  -2.3914276886326472E-004   6.6755376525981150E-005
   9.7725874349912194E-003   2.2259856841105301E-002   3.4816285064369693E-002   4.5265490938489569E-002   5.6491534577580362E-002   6.3385199849776752E-002   7.2657450000686769E-002   7.4538401373552804E-002   8.2061956801785366E-002   7.6651220435025189E-002   8.6578504237056805E-002   3.8191510511801953E-002  -6.3610955431584026E-003   3.0880790686118155E-003  -1.7869383831782841E-003   1.0693215702657730E-003  -6.0767669803975884E-004   2.9081271036575384E-004  -8.0450818088562297E-005
   9.6946865202613142E-003   2.2534673777565947E-002   3.4268791842611286E-002   4.6155351530414217E-002   5.5183879412452119E-002   6.5203292067415805E-002   7.0200852792823079E-002   7.7833586320297229E-002   7.7567746586794759E-002   8.3134209839368423E-002   7.5663064827450499E-002   8.3197282737563605E-002   3.5651675537235653E-002  -5.7385899400653109E-003   2.6652085840866931E-003  -1.4475686440817066E-003   7.8178424273712467E-004  -3.6387370899794213E-004   9.9316352242510478E-005
   9.7623740547282609E-003   2.2296418877345018E-002   3.4741452522572221E-002   4.5392151849861048E-002   5.6294685814801883E-002   6.3680002174309497E-002   7.2218565307721125E-002   7.5206276494796123E-002   8.0986422808080161E-002   7.8594698653805292E-002   8.2048032390985237E-002   7.2719028038616601E-002   7.7659360412081976E-002   3.2188490628700155E-002  -4.9655457461468665E-003   2.1699084301403395E-003  -1.0671809459914135E-003   4.7420578084193251E-004  -1.2669522711482707E-004
   9.7036391848894198E-003   2.2502814373185947E-002   3.4333284392717447E-002   4.6048010322440006E-002   5.5346792393240016E-002   6.4967121968420014E-002   7.0537130678498525E-002   7.7352761711184534E-002   7.8274393260120076E-002   8.2031978902618027E-002   7.7594713213396269E-002   7.8829841073093598E-002   6.7896628541293177E-002   7.0107490490200042E-002   2.7891661379966480E-002  -4.0613561071383281E-003   1.6143528977870742E-003  -6.5746597865864456E-004   1.6929595884315231E-004
   9.7542032892922893E-003   2.2325353870047873E-002   3.4683408393509287E-002   4.5487442834763622E-002   5.6152812670150029E-002   6.3880402637335201E-002   7.1942954567609518E-002   7.5582339690679831E-002   8.0468387861229992E-002   7.9330099020298903E-002   8.0939017242468519E-002   7.4597514581066365E-002   7.3559695404671735E-002   6.1323267831068069E-002   6.0735905242686399E-002   2.2872505399013952E-002  -3.0482641218446994E-003   1.0128495479414410E-003  -2.4256770570268957E-004
   9.7114875786345010E-003   2.2475132394510735E-002   3.4388403749975913E-002   4.5958531383685552E-002   5.5477945375756191E-002   6.4785709333945965E-002   7.0779806752677435E-002   7.7033547590442869E-002   7.8693068492423468E-002   8.1476449615024676E-002   7.8354440897181965E-002   7.7727549656371978E-002   6.9688630092739345E-002   6.6367055648943851E-002   5.3174746769320762E-002   4.9784225776264797E-002   1.7261135678530510E-002  -1.9503911105079211E-003   3.9047611883246633E-004
   9.7461078329080849E-003   2.2353816573829274E-002   3.4627067139117854E-002   4.5578095524347856E-002   5.6021573864184500E-002   6.4058949311858765E-002   7.1709270556207474E-002   7.5881042068971977E-002   8.0091174802882567E-002   7.9805776253687385E-002   8.0332729302168351E-002   7.5391677212985994E-002   7.2461260827058810E-002   6.3014559606303186E-002   5.7420108213807150E-002   4.3677238282050106E-002   3.7527206899156118E-002   1.1203556686089489E-002  -7.9713490303341347E-004
   9.7208913457034248E-003   2.2442145689622724E-002   3.4453422865826887E-002   4.5854587460444803E-002   5.5627081201832275E-002   6.4585244135394598E-002   7.1038039145278481E-002   7.6710294366467743E-002   7.9090163671580171E-002   8.0993885741811780E-002   7.8939146779141364E-002   7.7014522767982832E-002   7.0575608226158160E-002   6.5215162853996311E-002   5.4812816776241821E-002   4.6885323529926096E-002   3.3136980112154213E-002   2.4242658185761472E-002   4.8654470532128319E-003
