           8
   5.06112836E-02  0.111188583      0.156853497      0.181341991      0.181341991      0.156853497      0.111188583       5.06112836E-02
   1.98549628E-02  0.101666570      0.237233818      0.408282757      0.591717243      0.762766182      0.898333430      0.980145037    
   2.53067259E-02  -9.10573732E-03   6.28067646E-03  -4.48291237E-03   3.07842134E-03  -1.91762822E-03   9.72733309E-04  -2.77501938E-04
   5.47584519E-02   5.55951186E-02  -1.36400247E-02   8.14989954E-03  -5.21548837E-03   3.13983345E-03  -1.56497466E-03   4.42814606E-04
   4.85859513E-02  0.120860033       7.84254298E-02  -1.59749035E-02   8.37159995E-03  -4.64337226E-03   2.22566654E-03  -6.18793303E-04
   5.18633127E-02  0.106193788      0.170671046       9.06691402E-02  -1.60209108E-02   7.24114198E-03  -3.19778733E-03   8.59231688E-04
   4.97524999E-02  0.114387780      0.149612755      0.197362319       9.06681716E-02  -1.38174398E-02   4.99688415E-03  -1.25121907E-03
   5.12302555E-02  0.108963773      0.161496997      0.172970638      0.197315738       7.84236789E-02  -9.66867711E-03   2.02666805E-03
   5.01685701E-02  0.112753771      0.153714091      0.186556980      0.173192948      0.170491010       5.55926710E-02  -4.14487906E-03
   5.08887731E-02  0.110215984      0.158770993      0.178263783      0.185824558      0.150573134      0.120293029       2.53055841E-02
