          18
   8.64280481E-03   2.82233674E-02   3.87555733E-02   5.00682294E-02   6.14348203E-02   7.02868253E-02   7.73415715E-02   8.21380913E-02   8.45711157E-02   8.45711157E-02   8.21380913E-02   7.73415715E-02   7.02868253E-02   6.14348203E-02   5.00682294E-02   3.87555733E-02   2.82233674E-02   8.64280481E-03
   4.11424041E-03   2.22778320E-02   5.35973310E-02   9.81545448E-02  0.154167414      0.220111072      0.294124633      0.374056876      0.457612336      0.542387664      0.625943124      0.705875397      0.779888928      0.845832586      0.901845455      0.946402669      0.977722168      0.995885730    
   5.24618523E-03  -1.94744789E-03   1.48603402E-03  -1.21244974E-03   1.02839689E-03  -8.83266795E-04   7.61161384E-04  -6.54399511E-04   5.58491913E-04  -4.70994244E-04   3.90525383E-04  -3.16358986E-04   2.48250406E-04  -1.86172518E-04   1.30425149E-04  -8.22490329E-05   4.18136187E-05  -1.16709507E-05
   1.16355354E-02   1.29217794E-02  -3.61397373E-03   2.47582444E-03  -1.95800932E-03   1.62301224E-03  -1.37021602E-03   1.16290746E-03  -9.83951846E-04   8.24827352E-04  -6.80961064E-04   5.49893011E-04  -4.30494809E-04   3.22281820E-04  -2.25489144E-04   1.42069242E-04  -7.21823526E-05   2.01408784E-05
   1.04266284E-02   2.72973850E-02   1.86251160E-02  -4.09785705E-03   2.59319367E-03  -1.95009273E-03   1.56234438E-03  -1.28471584E-03   1.06490753E-03  -8.80224863E-04   7.19481090E-04  -5.76800958E-04   4.49152605E-04  -3.34923912E-04   2.33658458E-04  -1.46915205E-04   7.45457437E-05  -2.07851754E-05
   1.11488802E-02   2.40310431E-02   4.10930142E-02   2.58634724E-02  -5.81353111E-03   3.63554433E-03  -2.69657583E-03   2.12937477E-03  -1.72294001E-03   1.40210649E-03  -1.13395683E-03   9.02296859E-04  -6.98829535E-04   5.19060064E-04  -3.61094077E-04   2.26589473E-04  -1.14825649E-04   3.19936844E-05
   1.06842676E-02   2.60704271E-02   3.57680097E-02   5.55581748E-02   3.04279272E-02  -5.92634454E-03   3.40259331E-03  -2.37887283E-03   1.79442368E-03  -1.39644789E-03   1.09569146E-03  -8.53444915E-04   6.50903792E-04  -4.78082540E-04   3.29907285E-04  -2.05845659E-04   1.03932529E-04  -2.89004984E-05
   1.09282387E-02   2.51031388E-02   3.85415778E-02   4.88236770E-02   6.61820397E-02   3.59611958E-02  -7.35587440E-03   4.31766594E-03  -3.04242526E-03   2.29020324E-03  -1.76407525E-03   1.35882292E-03  -1.02899340E-03   7.52238382E-04  -5.17454871E-04   3.22188716E-04  -1.62463752E-04   4.51448395E-05
   1.05287032E-02   2.64596343E-02   3.62011641E-02   5.30547909E-02   5.75469323E-02   7.72971064E-02   3.85660417E-02  -6.95196679E-03   3.71937430E-03  -2.43700622E-03   1.72580988E-03  -1.25737826E-03   9.16060002E-04  -6.51535869E-04   4.39506082E-04  -2.69957265E-04   1.34947477E-04  -3.73210205E-05
   1.05095375E-02   2.62197740E-02   3.74900810E-02   5.04396446E-02   6.23468906E-02   6.76470846E-02   8.37306827E-02   4.21494693E-02  -8.12729541E-03   4.51817270E-03  -3.02007096E-03   2.14767759E-03  -1.54764310E-03   1.09518447E-03  -7.37086288E-04   4.52298613E-04  -2.26015225E-04   6.24994937E-05
   1.00842025E-02   2.73353215E-02   3.60486023E-02   5.26952222E-02   5.87830879E-02   7.34575018E-02   7.28454739E-02   9.02548656E-02   4.24227528E-02  -7.28601869E-03   3.68346483E-03  -2.26998865E-03   1.49813562E-03  -1.00008911E-03   6.46778499E-04  -3.86289845E-04   1.89770508E-04  -5.19947680E-05
   9.93927289E-03   2.73073316E-02   3.69956978E-02   5.09818569E-02   6.14660382E-02   6.93832710E-02   7.92465806E-02   7.86320716E-02   9.19180587E-02   4.34301198E-02  -7.87947886E-03   4.09520557E-03  -2.54449085E-03   1.65650283E-03  -1.05951913E-03   6.29713933E-04  -3.08723771E-04   8.45198811E-05
   9.54709388E-03   2.81091575E-02   3.62273753E-02   5.22615202E-02   5.94480075E-02   7.23926499E-02   7.48178586E-02   8.54113623E-02   7.98918009E-02   9.28838775E-02   4.15853411E-02  -6.92996103E-03   3.31629999E-03  -1.89795741E-03   1.12541264E-03  -6.38053520E-04   3.04096029E-04  -8.20217901E-05
   9.40024946E-03   2.79982146E-02   3.72048318E-02   5.08182980E-02   6.14287816E-02   6.97192028E-02   7.84274712E-02   8.04422945E-02   8.71319622E-02   8.05308521E-02   8.97996947E-02   3.97217348E-02  -6.75517553E-03   3.19958688E-03  -1.76182692E-03   9.64859326E-04  -4.52148262E-04   1.21007739E-04
   9.09931306E-03   2.84635983E-02   3.69088650E-02   5.15607074E-02   6.01247437E-02   7.16657341E-02   7.57206976E-02   8.41137469E-02   8.21119100E-02   8.77561048E-02   7.76464939E-02   8.51853937E-02   3.59022580E-02  -5.77415759E-03   2.51759379E-03  -1.24007731E-03   5.50511002E-04  -1.43510944E-04
   9.00899060E-03   2.82256529E-02   3.78752090E-02   5.03453426E-02   6.16579987E-02   6.97040930E-02   7.82303661E-02   8.09159726E-02   8.62001926E-02   8.24180543E-02   8.50293338E-02   7.31896311E-02   7.76660144E-02   3.14066149E-02  -4.95627662E-03   2.00584880E-03  -8.24733346E-04   2.08144469E-04
   8.80651828E-03   2.84724887E-02   3.77525650E-02   5.08977287E-02   6.06430061E-02   7.11887777E-02   7.62422010E-02   8.34790468E-02   8.29480067E-02   8.65424350E-02   7.97034204E-02   8.04441869E-02   6.60736412E-02   6.85048103E-02   2.55848616E-02  -3.77658638E-03   1.27528037E-03  -2.99212872E-04
   8.77466612E-03   2.82055624E-02   3.85321341E-02   4.99826856E-02   6.17772788E-02   6.97429925E-02   7.80719519E-02   8.12044069E-02   8.57369453E-02   8.31373557E-02   8.38940442E-02   7.51536340E-02   7.31573626E-02   5.72918802E-02   5.75640388E-02   1.88974887E-02  -2.43613985E-03   4.82341915E-04
   8.66720919E-03   2.83243787E-02   3.84553410E-02   5.03558852E-02   6.11147396E-02   7.06813335E-02   7.68494681E-02   8.27386379E-02   8.38534683E-02   8.54168907E-02   8.11511353E-02   7.84803703E-02   6.89867362E-02   6.29538596E-02   4.79484499E-02   4.45207544E-02   1.08792726E-02  -7.96151464E-04
   8.65489058E-03   2.82148030E-02   3.87543328E-02   5.00347540E-02   6.14992008E-02   7.01952875E-02   7.74597600E-02   8.19912255E-02   8.47490057E-02   8.43600333E-02   8.23847428E-02   7.70559087E-02   7.06151649E-02   6.10728748E-02   5.03898859E-02   3.88045534E-02   2.84157768E-02   4.14622016E-03
