          19
   1.77663181E-03   7.85652548E-02   2.66495720E-02   4.94056419E-02   5.50769791E-02   6.44185692E-02   7.12989643E-02   7.63833821E-02   7.94843584E-02   8.05272236E-02   7.94843584E-02   7.63833821E-02   7.12989643E-02   6.44185692E-02   5.50769791E-02   4.94056419E-02   2.66495720E-02   7.85652548E-02   1.77663181E-03
   3.29595804E-03   2.10127234E-02   4.75344658E-02   8.89659524E-02  0.139464408      0.199727297      0.267715335      0.341718107      0.419820577      0.500000000      0.580179453      0.658281922      0.732284665      0.800272703      0.860535622      0.911034048      0.952465534      0.978987277      0.996704042    
   4.40691877E-03  -1.55076396E-03   1.25275215E-03  -9.87071544E-04   8.53355217E-04  -7.35348382E-04   6.38715050E-04  -5.54362952E-04   4.78726870E-04  -4.09740896E-04   3.46191460E-04  -2.87386909E-04   2.32979379E-04  -1.82865551E-04   1.37506417E-04  -9.54544739E-05   6.13155789E-05  -3.17626764E-05   7.83616815E-06
   1.13624595E-02   1.41507015E-02  -4.20767488E-03   2.74081132E-03  -2.20487476E-03   1.83100149E-03  -1.55678834E-03   1.33314449E-03  -1.14094943E-03   9.70420777E-04  -8.16205167E-04   6.75300893E-04  -5.46083786E-04   4.27810795E-04  -3.21235595E-04   2.22762159E-04  -1.42981065E-04   7.40327305E-05  -1.82592139E-05
   1.19124744E-02   2.48110592E-02   1.65942628E-02  -2.61259195E-03   1.61797670E-03  -1.19465753E-03   9.53304057E-04  -7.85608427E-04   6.55737298E-04  -5.48234442E-04   4.55504865E-04  -3.73512186E-04   3.00036540E-04  -2.33880608E-04   1.74958695E-04  -1.20992219E-04   7.75015578E-05  -4.00801982E-05   9.87763360E-06
   1.43214995E-02   2.13602241E-02   3.59887742E-02   2.92779114E-02  -6.82046916E-03   4.42050863E-03  -3.36117018E-03   2.70570000E-03  -2.22872011E-03   1.84808602E-03  -1.52715435E-03   1.24753756E-03  -9.99423559E-04   7.77526584E-04  -5.80804306E-04   4.01235971E-04  -2.56816507E-04   1.32754198E-04  -3.27075650E-05
   1.55208111E-02   2.42971219E-02   3.02559063E-02   5.29456288E-02   3.14446129E-02  -4.20844834E-03   2.05895142E-03  -1.28372386E-03   8.92080367E-04  -6.55614829E-04   4.95673390E-04  -3.78684344E-04   2.88255484E-04  -2.15642431E-04   1.56340437E-04  -1.05633379E-04   6.65010302E-05  -3.40365150E-05   8.33271133E-06
   1.69504136E-02   2.56128889E-02   3.12650278E-02   4.76756357E-02   5.76283038E-02   4.38668430E-02  -9.52939503E-03   6.16669795E-03  -4.64107981E-03   3.67213972E-03  -2.95170001E-03   2.36903643E-03  -1.87542301E-03   1.44698494E-03  -1.07454276E-03   7.39259820E-04  -4.71772568E-04   2.43449147E-04  -5.99150990E-05
   1.72168408E-02   3.07094697E-02   2.63424162E-02   5.38669154E-02   4.71433513E-02   7.57184476E-02   4.33043763E-02  -4.48848866E-03   1.51114946E-03  -5.47297881E-04   1.44175356E-04   3.56450546E-05  -1.09698871E-04   1.28980726E-04  -1.19423290E-04   9.37152217E-05  -6.51347073E-05   3.52218995E-05  -8.91887612E-06
   1.71621181E-02   3.54051217E-02   2.45521106E-02   5.35183065E-02   5.02016619E-02   6.70761019E-02   7.37712979E-02   5.75249791E-02  -1.25762932E-02   8.07742588E-03  -5.97835798E-03   4.60435823E-03  -3.56052141E-03   2.70774052E-03  -1.99208688E-03   1.36212341E-03  -8.65637208E-04   4.45646147E-04  -1.09518762E-04
   1.60566233E-02   4.25595827E-02   1.95780862E-02   5.85223138E-02   4.41113152E-02   7.53818005E-02   5.97472973E-02   9.16948915E-02   5.23185432E-02  -4.72322060E-03   1.10716722E-03  -3.73927433E-05  -3.30394862E-04   4.24947531E-04  -3.98410019E-04   3.12244578E-04  -2.16162734E-04   1.16523617E-04  -2.94399197E-05
   1.46852322E-02   4.89031784E-02   1.75400097E-02   5.88430390E-02   4.54048216E-02   7.20806494E-02   6.61580116E-02   7.83478767E-02   8.39329213E-02   6.64200112E-02  -1.41080897E-02   8.64337012E-03  -6.08689990E-03   4.41222917E-03  -3.15743964E-03   2.12282734E-03  -1.33439491E-03   6.82889484E-04  -1.67217993E-04
   1.26486793E-02   5.63107468E-02   1.40420599E-02   6.22051172E-02   4.15338911E-02   7.69348368E-02   5.96146397E-02   8.79452303E-02   6.68470711E-02   9.82929915E-02   5.88587001E-02  -6.21054322E-03   1.89555797E-03  -5.85390488E-04   1.01284197E-04   6.30288414E-05  -9.38529120E-05   6.33628515E-05  -1.78091486E-05
   1.06996875E-02   6.20371774E-02   1.38724772E-02   6.11008964E-02   4.38658297E-02   7.34028965E-02   6.45962283E-02   8.09078068E-02   7.73838535E-02   7.92110115E-02   8.87193754E-02   6.84859082E-02  -1.35780964E-02   7.50283245E-03  -4.77306778E-03   3.01721599E-03  -1.82859006E-03   9.18306119E-04  -2.22385454E-04
   8.52006301E-03   6.78157881E-02   1.30311698E-02   6.21093661E-02   4.23835218E-02   7.57915974E-02   6.09660111E-02   8.61681178E-02   6.97987527E-02   9.07335058E-02   6.73947185E-02   9.59533751E-02   6.12516031E-02  -8.43978208E-03   3.29721882E-03  -1.52718660E-03   7.37504393E-04  -3.22490145E-04   7.13210757E-05
   6.76606921E-03   7.14032203E-02   1.54373189E-02   5.89548200E-02   4.64503430E-02   7.10153133E-02   6.65779635E-02   7.94511735E-02   7.80427083E-02   8.01935568E-02   8.20397660E-02   7.02366829E-02   8.78379419E-02   6.35407791E-02  -1.20602390E-02   5.61064668E-03  -2.94718449E-03   1.38570624E-03  -3.23534565E-04
   5.02597680E-03   7.48788118E-02   1.67237781E-02   5.83459437E-02   4.63274196E-02   7.22820535E-02   6.40117750E-02   8.34505409E-02   7.23795444E-02   8.79262760E-02   7.14472309E-02   8.56598318E-02   5.91524243E-02   8.82912427E-02   5.63732758E-02  -9.76859033E-03   3.82988830E-03  -1.58413977E-03   3.44297005E-04
   3.89581965E-03   7.61887878E-02   2.06410363E-02   5.40404655E-02   5.13621159E-02   6.67031333E-02   7.03078732E-02   7.62119144E-02   8.08041021E-02   7.79981911E-02   8.33661482E-02   7.08715692E-02   7.89694116E-02   5.29467240E-02   8.32532644E-02   4.94379885E-02  -9.91201680E-03   3.64444521E-03  -7.59615155E-04
   2.72688060E-03   7.80962184E-02   2.20212564E-02   5.38473018E-02   5.03823757E-02   6.91777244E-02   6.62645474E-02   8.18946064E-02   7.33406469E-02   8.74623433E-02   7.15594366E-02   8.55881348E-02   6.03337735E-02   7.78537467E-02   3.81107777E-02   8.35924074E-02   3.97543684E-02  -8.54699593E-03   1.53338385E-03
   2.28920975E-03   7.79979676E-02   2.53389049E-02   5.01494296E-02   5.48034981E-02   6.40890449E-02   7.22072795E-02   7.49111548E-02   8.15418363E-02   7.78385028E-02   8.28804672E-02   7.21510053E-02   7.66146258E-02   5.74000329E-02   6.54922277E-02   3.26566547E-02   8.51698667E-02   1.16788298E-02  -1.39800960E-03
   1.89702329E-03   7.83156082E-02   2.67585833E-02   4.90244739E-02   5.57561666E-02   6.34022653E-02   7.26746619E-02   7.46254846E-02   8.16552937E-02   7.79040232E-02   8.26117694E-02   7.26770759E-02   7.57037252E-02   5.90911843E-02   6.18024953E-02   4.06126790E-02   4.12220173E-02   6.87143952E-02  -1.38455105E-03
