   8.92649032E-03   2.19158828E-02   3.83005403E-02   5.01829125E-02   6.13960959E-02   7.03134090E-02   7.73438811E-02   8.21381211E-02   8.45711306E-02   8.45711306E-02   8.21381211E-02   7.73438811E-02   7.03134090E-02   6.13960959E-02   5.01829125E-02   3.83005403E-02   2.19158828E-02   8.92649032E-03
   4.11289930E-03   2.22012699E-02   5.35861850E-02   9.81814265E-02  0.154168785      0.220110595      0.294124782      0.374056816      0.457612395      0.542387605      0.625943184      0.705875218      0.779889405      0.845831215      0.901818573      0.946413815      0.977798700      0.995887101    
   5.17895399E-03  -1.91627699E-03   1.45465729E-03  -1.18848693E-03   1.00924785E-03  -8.66788323E-04   7.46962323E-04  -6.42202212E-04   5.48084441E-04  -4.62214841E-04   3.83240025E-04  -3.10447998E-04   2.43605740E-04  -1.82692587E-04   1.27868465E-04  -8.04718802E-05   4.09614440E-05  -1.15011017E-05
   1.14059923E-02   1.28042065E-02  -3.64501192E-03   2.51398585E-03  -1.99542916E-03   1.65609014E-03  -1.39920390E-03   1.18810218E-03  -1.00560125E-03   8.43164220E-04  -6.96203206E-04   5.62252942E-04  -4.40199365E-04   3.29575065E-04  -2.30389458E-04   1.44864898E-04  -7.36966322E-05   2.06860077E-05
   9.92510468E-03   2.74613537E-02   1.82235315E-02  -4.01785271E-03   2.52681016E-03  -1.89145282E-03   1.51104562E-03  -1.24022306E-03   1.02670793E-03  -8.47870193E-04   6.92564354E-04  -5.54932049E-04   4.31953609E-04  -3.22016480E-04   2.24400210E-04  -1.40784978E-04   7.15177521E-05  -2.00585746E-05
   1.03570782E-02   2.42165159E-02   4.10196185E-02   2.53444947E-02  -5.86627098E-03   3.68665089E-03  -2.74240761E-03   2.16960092E-03  -1.75767823E-03   1.43161719E-03  -1.15853408E-03   9.22252249E-04  -7.14512309E-04   5.30854217E-04  -3.69026384E-04   2.31123602E-04  -1.17279589E-04   3.28736169E-05
   9.63437557E-03   2.60653906E-02   3.58871073E-02   5.54843992E-02   2.94285603E-02  -5.85977174E-03   3.36713158E-03  -2.35491688E-03   1.77671295E-03  -1.38283940E-03   1.08509650E-03  -8.45224247E-04   6.44648389E-04  -4.73514170E-04   3.26462265E-04  -2.03281437E-04   1.02766411E-04  -2.87468556E-05
   9.69714113E-03   2.47211345E-02   3.88814509E-02   4.86372933E-02   6.62458465E-02   3.44075263E-02  -7.11691333E-03   4.14680317E-03  -2.90663494E-03   2.17984570E-03  -1.67455978E-03   1.28731527E-03  -9.73410148E-04   7.10856868E-04  -4.88156802E-04   3.03153298E-04  -1.52999070E-04   4.27600971E-05
   9.23059415E-03   2.54448000E-02   3.69476005E-02   5.25169931E-02   5.80056533E-02   7.67884776E-02   3.69913206E-02  -7.03286147E-03   3.84257385E-03  -2.55657802E-03   1.83133560E-03  -1.34583458E-03   9.86947911E-04  -7.05459912E-04   4.77202353E-04  -2.93279852E-04   1.47038460E-04  -4.09471722E-05
   9.24564525E-03   2.44503748E-02   3.85672748E-02   4.97083813E-02   6.28921241E-02   6.72390386E-02   8.39115530E-02   3.94045375E-02  -7.55093666E-03   4.11147624E-03  -2.70604854E-03   1.90268375E-03  -1.35970605E-03   9.56334814E-04  -6.40186598E-04   3.90789442E-04  -1.95118453E-04   5.42182825E-05
   8.95600114E-03   2.46861037E-02   3.74866500E-02   5.16669340E-02   5.96383661E-02   7.26757348E-02   7.36096203E-02   8.93457904E-02   3.99903096E-02  -7.30101718E-03   3.80200148E-03  -2.39625364E-03   1.60898070E-03  -1.08834472E-03   7.10182998E-04  -4.26286599E-04   2.10645041E-04  -5.82109387E-05
   8.99677631E-03   2.38369554E-02   3.85505594E-02   4.99379039E-02   6.22667186E-02   6.87521920E-02   7.97118470E-02   7.83736929E-02   9.17630121E-02   3.97173315E-02  -7.11730169E-03   3.61466850E-03  -2.20599188E-03   1.41715549E-03  -8.96857528E-04   5.28273755E-04  -2.58148357E-04   7.09277811E-05
   8.83594528E-03   2.38377247E-02   3.78510952E-02   5.11241928E-02   6.03971854E-02   7.15442672E-02   7.56103396E-02   8.46309289E-02   8.07532296E-02   9.16199088E-02   3.81487273E-02  -6.62607141E-03   3.24269710E-03  -1.88744953E-03   1.13248965E-03  -6.46608882E-04   3.10389092E-04  -8.45103204E-05
   8.90627317E-03   2.31190715E-02   3.85916978E-02   4.99183908E-02   6.21085130E-02   6.92039877E-02   7.88016021E-02   8.02164897E-02   8.71813223E-02   8.07672441E-02   8.88326243E-02   3.54062803E-02  -5.89873549E-03   2.74548680E-03  -1.49044383E-03   8.06768192E-04  -3.76169570E-04   1.00953177E-04
   8.82727560E-03   2.30383761E-02   3.80906723E-02   5.07114045E-02   6.08622171E-02   7.09903166E-02   7.63781667E-02   8.34559500E-02   8.28012601E-02   8.69830698E-02   7.86697939E-02   8.32541659E-02   3.17659080E-02  -5.09455800E-03   2.23679934E-03  -1.10600225E-03   4.93582047E-04  -1.29788503E-04
   8.90391786E-03   2.24886425E-02   3.85808572E-02   4.98894490E-02   6.19803034E-02   6.95055500E-02   7.83289149E-02   8.09337348E-02   8.60531405E-02   8.27218294E-02   8.45171064E-02   7.41282329E-02   7.53345340E-02   2.70754453E-02  -4.03403258E-03   1.60380767E-03  -6.54231117E-04   1.65421545E-04
   8.86525866E-03   2.24248916E-02   3.81953008E-02   5.04637770E-02   6.10877648E-02   7.07345158E-02   7.67422765E-02   8.29364285E-02   8.35509896E-02   8.58539119E-02   8.05222988E-02   7.94312805E-02   6.75747320E-02   6.50143698E-02   2.17510033E-02  -2.93970690E-03   9.81745310E-04  -2.30922276E-04
   8.92386492E-03   2.20744144E-02   3.84777747E-02   4.99683097E-02   6.17531985E-02   6.98450878E-02   7.79081136E-02   8.14600885E-02   8.53812173E-02   8.36070925E-02   8.32874551E-02   7.59532973E-02   7.21053481E-02   5.89408576E-02   5.28405085E-02   1.60308331E-02  -1.78790069E-03   3.47526395E-04
   8.90775304E-03   2.20418070E-02   3.82554084E-02   5.02845421E-02   6.12703264E-02   7.04872608E-02   7.71060437E-02   8.24419111E-02   8.41982886E-02   8.50166604E-02   8.16168487E-02   7.79402629E-02   6.96622580E-02   6.21112362E-02   4.92031202E-02   3.83863784E-02   9.88716260E-03  -6.23586820E-04
   8.93619377E-03   2.18919981E-02   3.83849144E-02   5.00546284E-02   6.15829378E-02   7.00655654E-02   7.76567385E-02   8.17535967E-02   8.50341320E-02   8.40219632E-02   8.27830583E-02   7.65898973E-02   7.11981878E-02   6.03569672E-02   5.13902232E-02   3.67248133E-02   2.30973475E-02   4.58133174E-03
