   2.76042079E-03   6.83667138E-02   2.73434911E-02   4.94520180E-02   5.55102937E-02   6.43938705E-02   7.13016018E-02   7.63830543E-02   7.94843584E-02   8.05272236E-02   7.94843584E-02   7.63830543E-02   7.13016018E-02   6.43938705E-02   5.55102937E-02   4.94520180E-02   2.73434911E-02   6.83667138E-02   2.76042079E-03
   3.35401297E-03   2.11437345E-02   4.77630496E-02   8.89956355E-02  0.139460087      0.199726462      0.267715812      0.341717809      0.419820577      0.500000000      0.580179453      0.658282161      0.732284188      0.800273538      0.860539913      0.911004364      0.952236950      0.978856266      0.996645987    
   4.43140324E-03  -1.58474385E-03   1.29190797E-03  -1.02371885E-03   8.81925400E-04  -7.58494367E-04   6.58294710E-04  -5.71124197E-04   4.93094209E-04  -4.22008306E-04   3.56574106E-04  -2.96062994E-04   2.40104186E-04  -1.88598540E-04   1.42078439E-04  -9.90035769E-05   6.35176984E-05  -3.26255940E-05   8.01457554E-06
   1.12337004E-02   1.41460886E-02  -4.33741836E-03   2.85298959E-03  -2.28954596E-03   1.89872109E-03  -1.61364733E-03   1.38158759E-03  -1.18233485E-03   1.00566098E-03  -8.45955103E-04   7.00091419E-04  -5.66371134E-04   4.44050791E-04  -3.34052078E-04   2.32535909E-04  -1.49074709E-04   7.65366494E-05  -1.87959849E-05
   1.15162013E-02   2.50971075E-02   1.61339473E-02  -2.50899931E-03   1.51264062E-03  -1.09955622E-03   8.69379262E-04  -7.12236739E-04   5.92139433E-04  -4.93712316E-04   4.09429398E-04  -3.35310819E-04   2.69159005E-04  -2.09795166E-04   1.57131959E-04  -1.09027838E-04   6.97297073E-05  -3.57489262E-05   8.77127786E-06
   1.35301594E-02   2.17753723E-02   3.57256979E-02   2.84981765E-02  -6.80338638E-03   4.42338316E-03  -3.37086688E-03   2.71763257E-03  -2.24095909E-03   1.85978692E-03  -1.53790391E-03   1.25716813E-03  -1.00788544E-03   7.84909585E-04  -5.87519258E-04   4.07482323E-04  -2.60529312E-04   1.33544032E-04  -3.27624221E-05
   1.43866614E-02   2.45403312E-02   3.01547609E-02   5.27717322E-02   3.03436331E-02  -4.19621961E-03   2.06357567E-03  -1.29154569E-03   9.00275714E-04  -6.63326238E-04   5.02583804E-04  -3.84686544E-04   2.93333404E-04  -2.19842506E-04   1.59813979E-04  -1.08463246E-04   6.82385726E-05  -3.46396155E-05   8.44536953E-06
   1.55366706E-02   2.54225973E-02   3.15468833E-02   4.72293496E-02   5.78957312E-02   4.19664122E-02  -9.21848509E-03   5.92799811E-03  -4.44420427E-03   3.50787444E-03  -2.81532155E-03   2.25748285E-03  -1.78634480E-03   1.37846288E-03  -1.02509023E-03   7.07699335E-04  -4.50988300E-04   2.30723163E-04  -5.65342598E-05
   1.56592932E-02   2.97215842E-02   2.72400305E-02   5.29918335E-02   4.78275046E-02   7.50942156E-02   4.15745042E-02  -4.75860247E-03   1.79236138E-03  -8.01065296E-04   3.63792846E-04  -1.49091647E-04   4.12637128E-05   9.90383887E-06  -2.96507733E-05   3.13930141E-05  -2.50156299E-05   1.43120042E-05  -3.74135129E-06
   1.55977383E-02   3.33583206E-02   2.61481851E-02   5.22358045E-02   5.11844903E-02   6.62790835E-02   7.43991584E-02   5.40473349E-02  -1.17999511E-02   7.49023724E-03  -5.50494110E-03   4.22142353E-03  -3.25570558E-03   2.47251405E-03  -1.81962200E-03   1.24761427E-03  -7.91331520E-04   4.03760496E-04  -9.87705789E-05
   1.46320164E-02   3.92283127E-02   2.18971167E-02   5.68249114E-02   4.55074757E-02   7.41525963E-02   6.08734190E-02   9.06312615E-02   4.95780073E-02  -5.04139299E-03   1.48372364E-03  -3.79791658E-04  -4.12531954E-05   1.93027256E-04  -2.22086994E-04   1.89560669E-04  -1.36756542E-04   7.46615624E-05  -1.90106784E-05
   1.34967919E-02   4.42623422E-02   2.03766376E-02   5.69667406E-02   4.69346978E-02   7.08122179E-02   6.71959519E-02   7.75521249E-02   8.44863430E-02   6.15226850E-02  -1.30417980E-02   7.90911075E-03  -5.53561561E-03   3.99867306E-03  -2.85864039E-03   1.92560069E-03  -1.20744924E-03   6.12204429E-04  -1.49191124E-04
   1.17804538E-02   5.03542423E-02   1.72621030E-02   6.01737536E-02   4.33204100E-02   7.53673315E-02   6.10263497E-02   8.66362378E-02   6.81340396E-02   9.70010012E-02   5.47148176E-02  -6.17108541E-03   2.05559679E-03  -7.63548072E-04   2.54658400E-04  -5.08728663E-05  -1.77960992E-05   2.30818969E-05  -7.71960640E-06
   1.01669673E-02   5.49626462E-02   1.71182565E-02   5.92423789E-02   4.55137640E-02   7.20667690E-02   6.56737685E-02   8.00741911E-02   7.79576078E-02   7.89828449E-02   8.86098221E-02   6.25156015E-02  -1.23648625E-02   6.79206382E-03  -4.30938508E-03   2.72666081E-03  -1.64765306E-03   8.19435634E-04  -1.97441841E-04
   8.34275316E-03   5.97281717E-02   1.62133798E-02   6.03244193E-02   4.41479757E-02   7.42786676E-02   6.23288229E-02   8.49008709E-02   7.10212737E-02   8.94815996E-02   6.88626543E-02   9.42546576E-02   5.57263345E-02  -7.78971193E-03   3.08691151E-03  -1.45341328E-03   7.10457854E-04  -3.10618343E-04   6.88256405E-05
   6.89116307E-03   6.26150593E-02   1.81794688E-02   5.76308072E-02   4.77948450E-02   7.00474828E-02   6.72945976E-02   7.89559186E-02   7.83183351E-02   8.01606327E-02   8.17569271E-02   7.11291879E-02   8.63000900E-02   5.70521988E-02  -1.07311094E-02   4.99317003E-03  -2.61522899E-03   1.21708179E-03  -2.82657682E-04
   5.44284051E-03   6.54643625E-02   1.91363711E-02   5.71682192E-02   4.77485023E-02   7.11494237E-02   6.50570616E-02   8.24359953E-02   7.34008700E-02   8.68587270E-02   7.26182982E-02   8.42691138E-02   6.12909943E-02   8.52138177E-02   5.03024422E-02  -8.62581469E-03   3.37588950E-03  -1.38156849E-03   2.98648840E-04
   4.51072212E-03   6.64881170E-02   2.23839544E-02   5.34758866E-02   5.21493927E-02   6.63652271E-02   7.04390705E-02   7.62573779E-02   8.05837959E-02   7.84038901E-02   8.27507898E-02   7.17443526E-02   7.77397901E-02   5.54211885E-02   7.88896754E-02   4.37653102E-02  -8.59341025E-03   3.11789778E-03  -6.45725639E-04
   3.54643236E-03   6.80328012E-02   2.34742220E-02   5.32926433E-02   5.14073111E-02   6.84430450E-02   6.70300275E-02   8.10523853E-02   7.42842257E-02   8.63938630E-02   7.27810264E-02   8.41748044E-02   6.19921982E-02   7.59689137E-02   4.15998772E-02   7.70380720E-02   3.48010026E-02  -7.20976200E-03   1.28451968E-03
   3.18573206E-03   6.79160058E-02   2.62541454E-02   5.01171537E-02   5.52206598E-02   6.41267002E-02   7.20602646E-02   7.51471072E-02   8.12153742E-02   7.82623217E-02   8.23473707E-02   7.28137046E-02   7.57829249E-02   5.84910214E-02   6.46256357E-02   3.47763672E-02   7.59358108E-02   1.07982792E-02  -1.19250605E-03
   2.85992632E-03   6.81659579E-02   2.74261404E-02   4.91524786E-02   5.60502112E-02   6.35699406E-02   7.24205524E-02   7.49507174E-02   8.12554359E-02   7.83847719E-02   8.20416808E-02   7.33479485E-02   7.49156177E-02   6.00091219E-02   6.11236058E-02   4.20715883E-02   3.94215323E-02   6.01826608E-02  -4.21551988E-04
