   4.06371941807872119974E-0002   9.03240803474287032085E-0002  0.130305348201467731455        0.156173538520001420205        0.165119677500629881577        0.156173538520001420205        0.130305348201467731455         9.03240803474287032085E-0002   4.06371941807872119974E-0002
   1.59198802461869553116E-0002   8.19844463366821030333E-0002  0.193314283649704801412        0.337873288298095535533        0.500000000000000000000        0.662126711701904464467        0.806685716350295198588        0.918015553663317896967        0.984080119753813044661      
   2.03185970903936036727E-0002  -7.39786856614878722153E-0003   5.22200359210005414955E-0003  -3.87345129174498073965E-0003   2.83136945006984000242E-0003  -1.96219418839121926682E-0003   1.22660978881256080955E-0003  -6.22964091648914512951E-0004   1.77778462744798661962E-0004
   4.39655272265284054334E-0002   4.51620401737143509029E-0002  -1.13354640123350465456E-0002   7.03476680173468105210E-0003  -4.78827613101664000943E-0003   3.20336015198485556464E-0003  -1.96440573995350849466E-0003   9.87172103665947089863E-0004  -2.80274237640940699991E-0004
   3.90086533962843359587E-0002   9.81815119598481575642E-0002   6.51526741007338677060E-0002  -1.37708339866085728174E-0002   7.66417562464213908570E-0003  -4.71358646779919486031E-0003   2.77082889275902000938E-0003  -1.36167198307300398023E-0003   3.82532112918055705294E-0004
   4.16450870273228118988E-0002   8.62554727725037754502E-0002  0.141795216041145465797         7.80867692600007118982E-0002  -1.46189578759125571436E-0002   7.30042826218022614194E-0003  -3.93283991503873113032E-0003   1.85268620082252387172E-0003  -5.10573474928686003406E-0004
   3.99403728698347475482E-0002   9.29433722727170861819E-0002  0.124257110410775670602        0.170000445255253483513         8.25598387503149447323E-0002  -1.38269067352520640971E-0002   6.04823779069206153239E-0003  -2.61929192528838509487E-0003   6.96821310952462707527E-0004
   4.11477676557158970018E-0002   8.84713941466061776599E-0002  0.134238188116506463319        0.148873110257821192996        0.179738635376542440258         7.80867692600007142360E-0002  -1.14898678396777337560E-0002   4.06860757492492548105E-0003  -1.00789284653560259506E-0003
   4.02546620678691557687E-0002   9.16857523305017062099E-0002  0.127534519308708711748        0.160887124987800614711        0.157455501875987742701        0.169944372506609993646         6.51526741007338707688E-0002  -7.85743161241945700103E-0003   1.62854078450287238199E-0003
   4.09174684184281525437E-0002   8.93369082437627555352E-0002  0.132269753941421240389        0.152970178368016563973        0.169907953631646522488        0.149138771718266737959        0.141640812213802780721         4.51620401737143559139E-0002  -3.32833304574119847507E-0003
   4.04594157180424132419E-0002   9.09470444390776177883E-0002  0.129078738412655170348        0.158135732708392639920        0.162288308050560040884        0.160046989811746401898        0.125083344609367675928         9.77219489135774934747E-0002   2.03185970903936061952E-0002
