          14
   1.7559730165810319E-002   4.0079043579685315E-002   6.0759285343958754E-002   7.8601583579099590E-002   9.2769198738967787E-002  0.10259923186064832       0.10763192673157899       0.10763192673157899       0.10259923186064832        9.2769198738967787E-002   7.8601583579099590E-002   6.0759285343958754E-002   4.0079043579685315E-002   1.7559730165810319E-002
   6.8580956515940095E-003   3.5782558168213074E-002   8.6399342465117601E-002  0.15635354759415715       0.24237568182092284       0.34044381553605529       0.44597252564632833       0.55402747435367161       0.65955618446394471       0.75762431817907716       0.84364645240584291       0.91360065753488240       0.96421744183178693       0.99314190434840599     
   8.7798650829338087E-003  -3.2831162304277489E-003   2.4376997719039888E-003  -1.9580992967747957E-003   1.6111677584786219E-003  -1.3305215627022185E-003   1.0896388846616440E-003  -8.7630200573999661E-004   6.8469369103956585E-004  -5.1234841284265105E-004   3.5884823129815694E-004  -2.2533104839255467E-004   1.1462820860093267E-004  -3.2727420446185233E-005
   1.8998153590180207E-002   2.0039521789938158E-002  -5.2882869287843009E-003   3.5514117389740508E-003  -2.7182264868930261E-003   2.1638604352279519E-003  -1.7350699641660889E-003   1.3771125761794655E-003  -1.0667364774653396E-003   7.9356802613987881E-004  -5.5359321933724499E-004   3.4668128127004723E-004  -1.7605996067201912E-004   5.0221767603371910E-005
   1.6855223027920668E-002   4.3567390769653908E-002   3.0379642671944151E-002  -6.9392317551814414E-003   4.3344047054937667E-003  -3.1635153229535931E-003   2.4227728905388390E-003  -1.8712135505150726E-003   1.4245300638366606E-003  -1.0476043031207530E-003   7.2515325262429581E-004  -4.5177184598044163E-004   2.2868363414158441E-004  -6.5121773328339220E-005
   1.7997172946542257E-002   3.8268174391578189E-002   6.6123334553675722E-002   3.9300791789516516E-002  -8.2337353649174268E-003   4.8594874272618578E-003  -3.3912837807259116E-003   2.4911995991323227E-003  -1.8402103787539435E-003   1.3274581994778536E-003  -9.0727712118351131E-004   5.6054587437301298E-004  -2.8227785946595131E-004   8.0167317567699452E-005
   1.7254761798343361E-002   4.1253397991789037E-002   5.7920462373852767E-002   8.5577871476918449E-002   4.6384599369421319E-002  -9.1281200030627202E-003   5.1298239065830720E-003  -3.4239950868905395E-003   2.4010077122020110E-003  -1.6785938592594266E-003   1.1247301694108690E-003  -6.8612955211616599E-004   3.4284490903794808E-004  -9.6979385428812206E-005
   1.7787447266575371E-002   3.9233759895849922E-002   6.2632719742169898E-002   7.4878715481171920E-002  0.10102275350074180        5.1299615930234660E-002  -9.5863697595210476E-003   5.1428942565336002E-003  -3.2729820028549535E-003   2.1709671465129018E-003  -1.4097907680713608E-003   8.4360698477055861E-004  -4.1670660679527720E-004   1.1718446856648793E-004
   1.7381959820379728E-002   4.0725133887973761E-002   5.9391606126014629E-002   8.1078174713560505E-002   8.8347744362603592E-002  0.11173735846977566        5.3815963365688078E-002  -9.5894450274633426E-003   4.9024208363143539E-003  -2.9511808470129752E-003   1.8192764865355411E-003  -1.0563185246980705E-003   5.1279723991842123E-004  -1.4296526348547283E-004
   1.7702695429280203E-002   3.9566246339881844E-002   6.1815603868684163E-002   7.6782307092540150E-002   9.5720379585995233E-002   9.7696811024327965E-002  0.11722137175903681        5.3815963365644884E-002  -9.1381266091287681E-003   4.4214543763719414E-003  -2.4765911344763274E-003   1.3676792179586081E-003  -6.4609030813907176E-004   1.7777034541584019E-004
   1.7442545697230749E-002   4.0495750186560833E-002   5.9915678359224810E-002   8.0011374347139300E-002   9.0598231592479234E-002  0.10587221386348282       0.10248903247506631       0.11721829649106691        5.1299615930175832E-002  -8.2535547617603247E-003   3.7228680979158307E-003  -1.8734343982079588E-003   8.4528368401309872E-004  -2.2771710077378591E-004
   1.7656709551228972E-002   3.9736198670700926E-002   6.1445414896106769E-002   7.7476853409665813E-002   9.4447792598240307E-002  0.10019822414844086       0.11105592181846816       0.10250210282500676       0.11172735186367222        4.6384599369308249E-002  -6.9762878977947017E-003   2.8388229700846870E-003  -1.1743544118998468E-003   3.0496836746785771E-004
   1.7479562848236894E-002   4.0361321439179677E-002   6.0198739469617069E-002   7.9508860700256034E-002   9.1441740539514163E-002  0.10443944223937748       0.10514072713247490       0.11102321051227014        9.7739744433432932E-002  0.10100293410379776        3.9300791789376524E-002  -5.3640492097097392E-003   1.8108691883075394E-003  -4.3744278071198531E-004
   1.7624851939134684E-002   3.9850359945561020E-002   6.1211057189952539E-002   7.7876430326469223E-002   9.3816803042088046E-002  0.10117470179681753       0.10950314028208291       0.10520915384105782       0.10576274718357376        8.8434794033522710E-002   8.5540815334160511E-002   3.0379642671818839E-002  -3.4883471897359649E-003   7.0450713792025480E-004
   1.7509508398206246E-002   4.0255103540360833E-002   6.0412604062701131E-002   7.9155176798424015E-002   9.1975630712842385E-002  0.10366596833809619       0.10625481415542112       0.10936699669571848       0.10043537142545336        9.5487425225817796E-002   7.5050171840193289E-002   6.6047572272536992E-002   2.0039521789838692E-002  -1.4384234243073461E-003
   1.7592457586256358E-002   3.9964415371085103E-002   6.0984616392353551E-002   7.8242735347799297E-002   9.3281547151812777E-002  0.10191453816960602       0.10850822873732237       0.10654228784691309       0.10392975342335592        9.1158030980481683E-002   8.0559682875886690E-002   5.8321585572027657E-002   4.3362159810098194E-002   8.7798650829088894E-003
