   2.7834283558127872E-002   6.2790184732420457E-002   9.3145105463874708E-002  0.11659688229599338       0.13140227225512305       0.13646254338895031       0.13140227225512305       0.11659688229599338        9.3145105463874708E-002   6.2790184732420457E-002   2.7834283558127872E-002
   1.0885670926972735E-002   5.6468700115950454E-002  0.13492399721297610       0.24045193539659382       0.36522842202382733       0.50000000000000000       0.63477157797617267       0.75954806460340618       0.86507600278702390       0.94353129988404949       0.98911432907302732     
   1.3917141779045900E-002  -5.1432556298362311E-003   3.7356037491416017E-003  -2.9003790513837851E-003   2.2727421526504686E-003  -1.7524011626411961E-003   1.3024891173185052E-003  -9.0927965771183804E-004   5.7013606228356216E-004  -2.8987532497854444E-004   8.2748893084608736E-005
   3.0114239194827214E-002   3.1395092366220671E-002  -8.1056269790757644E-003   5.2628212735321882E-003  -3.8374366816902438E-003   2.8535467644758296E-003  -2.0778329171451180E-003   1.4326778128757260E-003  -8.9146671198760672E-004   4.5118493091579951E-004  -1.2849893699658831E-004
   2.6717983850270806E-002   6.8254280917147331E-002   4.6572552731943627E-002  -1.0289524815292550E-002   6.1266732476734894E-003  -4.1805375370516226E-003   2.9106679541067745E-003  -1.9557398750925143E-003   1.1982165650744690E-003  -6.0094794299553095E-004   1.7037211719577475E-004
   2.8526668906249122E-002   5.9956030735594516E-002  0.10136504115358007        5.8298441147992763E-002  -1.1653692586664771E-002   6.4383812977999305E-003  -4.0916486527779721E-003   2.6206189057184060E-003  -1.5623710800654592E-003   7.7153096001439825E-004  -2.1706539084014322E-004
   2.7352859999393631E-002   6.4623892430235516E-002   8.8802184934403103E-002  0.12693752709247252        6.5701136127575804E-002  -1.2124061580427748E-002   6.2192625742544059E-003  -3.6306333838663414E-003   2.0632403755487709E-003  -9.9288627564682232E-004   2.7589972989515508E-004
   2.8191721061887522E-002   6.1477189063182183E-002   9.5998610902912840E-002  0.11109577431635652       0.14307675230705158        6.8231271694475598E-002  -1.1674480051912878E-002   5.5011079796207629E-003  -2.8535054390259676E-003   1.3129956692464800E-003  -3.5743750378001635E-004
   2.7558383828218628E-002   6.3783071008070041E-002   9.1081865088339750E-002  0.12022751567984329       0.12518300968088442       0.14858660496936224        6.5701136127577942E-002  -1.0340644796492006E-002   4.3429205294797839E-003  -1.8337076978003886E-003   4.8142355870754326E-004
   2.8051348948959318E-002   6.2018653772405855E-002   9.4707476543951813E-002  0.11397626339026244       0.13549392090791179       0.13002416209114118       0.14305596484179478        5.8298441148008251E-002  -8.2199356896997169E-003   2.8341539968457260E-003  -6.9238534815317947E-004
   2.7663911440927759E-002   6.3391132675414089E-002   9.1946888898809490E-002  0.11855262217107569       0.12849160430102624       0.14064308092599143       0.12527559900746152       0.12688640711127108        4.6572552731952148E-002  -5.4640961847008699E-003   1.1162997078205353E-003
   2.7962782495122709E-002   6.2338999801503654E-002   9.4036572175866251E-002  0.11516420448311376       0.13348010517227141       0.13360899662447195       0.13523970893681472       0.11133406102246372       0.10125073244293299        3.1395092366254845E-002  -2.2799556367388962E-003
   2.7751534665042602E-002   6.3080060057399995E-002   9.2574969401589519E-002  0.11750616195370829       0.13009978313779955       0.13821494455159863       0.12912953010246270       0.11949726134739104        8.9409501714712597E-002   6.7933440362284242E-002   1.3917141779067006E-002
