   4.06410284E-02   9.03222635E-02  0.130304933      0.156173497      0.165119678      0.156173497      0.130304933       9.03222635E-02   4.06410284E-02
   1.59200430E-02   8.19844007E-02  0.193314254      0.337873280      0.500000000      0.662126720      0.806685746      0.918015599      0.984079957    
   2.03189272E-02  -7.39805587E-03   5.22212312E-03  -3.87353753E-03   2.83143250E-03  -1.96223776E-03   1.22663751E-03  -6.22979365E-04   1.77783470E-04
   4.39659767E-02   4.51615490E-02  -1.13350339E-02   7.03445636E-03  -4.78805136E-03   3.20320553E-03  -1.96431042E-03   9.87125561E-04  -2.80262058E-04
   3.90095226E-02   9.81804729E-02   6.51536584E-02  -1.37712713E-02   7.66450400E-03  -4.71381657E-03   2.77097384E-03  -1.36174832E-03   3.82555299E-04
   4.16465923E-02   8.62539411E-02  0.141796052       7.80866891E-02  -1.46183772E-02   7.30004022E-03  -3.93260224E-03   1.85256940E-03  -5.10542421E-04
   3.99425887E-02   9.29412767E-02  0.124258228      0.169999361       8.25613812E-02  -1.38271805E-02   6.04842277E-03  -2.61939364E-03   6.96852978E-04
   4.11506146E-02   8.84691328E-02  0.134238914      0.148872599      0.179738492       7.80879930E-02  -1.14896055E-02   4.06848546E-03  -1.00786239E-03
   4.02579941E-02   9.16835293E-02  0.127534926      0.160886675      0.157455876      0.169943303       6.51549473E-02  -7.85752945E-03   1.62856933E-03
   4.09211293E-02   8.93348530E-02  0.132269740      0.152969912      0.169908211      0.149138331      0.141639993       4.51647863E-02  -3.32847354E-03
   4.04631756E-02   9.09453258E-02  0.129078120      0.158136129      0.162287608      0.160047948      0.125081316       9.77226943E-02   2.03207098E-02
