   5.06142681451881270529E-0002  0.111190517226687235137        0.156853322938943643737        0.181341891689180991556        0.181341891689180991556        0.156853322938943643737        0.111190517226687235137         5.06142681451881270529E-0002
   1.98550717512318840611E-0002  0.101666761293186630162        0.237233795041835507112        0.408282678752175097600        0.591717321247824902400        0.762766204958164492915        0.898333238706813369838        0.980144928248768115939      
   2.53071340725940645039E-0002  -9.10594330597007487310E-0003   6.28083114703047387777E-0003  -4.48301561305475137353E-0003   3.07849136832677984375E-0003  -1.91767525463695231011E-0003   9.72757664059263510611E-0004  -2.77508327116919218133E-0004
   5.47593217675543197572E-0002   5.55952586133436177618E-0002  -1.36397962357816695091E-0002   8.14970885836055072913E-0003  -5.21535208914715351436E-0003   3.13975298546366902237E-0003  -1.56493491094894241564E-0003   4.42802304342237826750E-0004
   4.85875359989128799482E-0002  0.120859524997173168050         7.84266614694718209062E-0002  -1.59751033618784312232E-0002   8.37173272022616361809E-0003  -4.64346586210447967813E-0003   2.22571477528489966074E-0003  -6.18805695250515350815E-0004
   5.18655209705812330582E-0002  0.106193490148348407577        0.170671134274553620931         9.06709458445904949986E-0002  -1.60210413210250133214E-0002   7.24120656122226995271E-0003  -3.19781431036077036931E-0003   8.59236584264852702417E-0004
   4.97550315609232749932E-0002  0.114388331537048006056        0.149612116377721373727        0.197362933010206004753         9.06709458445904938669E-0002  -1.38178113356099773436E-0002   4.99702707833882827534E-0003  -1.25125282539310495688E-0003
   5.12330738404386427287E-0002  0.108964802451402335861        0.161496788801048123292        0.172970158968954828042        0.197316995051059422509         7.84266614694718200998E-0002  -9.66900777048593210543E-0003   2.02673214627524862344E-0003
   5.01714658408458893723E-0002  0.112755452137636177673        0.153713569953479974836        0.186557243778328144855        0.173192182830820441165        0.170493119174725312392         5.55952586133436155798E-0002  -4.14505362236619057148E-0003
   5.08917764723050462745E-0002  0.110217759562627971745        0.158770998193580595878        0.178263400320854211985        0.185824907302235742466        0.150572491791913170507        0.120296460532657308691         2.53071340725940634163E-0002
