   1.0808006760790004E-002   2.4857274447527763E-002   3.8212865125691463E-002   5.0471022053457021E-002   6.1277603355431705E-002   7.0321457335353166E-002   7.7342337563129693E-002   8.2138241872915879E-002   8.4571191481571842E-002   8.4571191481571842E-002   8.2138241872915879E-002   7.7342337563129693E-002   7.0321457335353166E-002   6.1277603355431705E-002   5.0471022053457021E-002   3.8212865125691463E-002   2.4857274447527763E-002   1.0808006760790004E-002
   4.2174157896084918E-003   2.2088025214170803E-002   5.3698766751122062E-002   9.8147520513800046E-002  0.15415647846979663       0.22011458446303078       0.29412441926857880       0.37405688715424701       0.45761249347913241       0.54238750652086754       0.62594311284575299       0.70587558073142120       0.77988541553696922       0.84584352153020337       0.90185247948619995       0.94630123324887794       0.97791197478582914       0.99578258421039156     
   5.4040033817015385E-003  -2.0362520749563949E-003   1.5333586419576854E-003  -1.2580394224011441E-003   1.0659079643621698E-003  -9.1521791633754151E-004   7.8875800180578542E-004  -6.7810033447600001E-004   5.7871152025185883E-004  -4.8804095447728082E-004   4.0465538626960481E-004  -3.2780735754221724E-004   2.5720848131018033E-004  -1.9291341051219546E-004   1.3527794719940777E-004  -8.4991751269287110E-005   4.3245456394288203E-005  -1.2347769706815917E-005
   1.1693374394440719E-002   1.2428637223401489E-002  -3.3261512044523455E-003   2.2812978074663445E-003  -1.7977471610249565E-003   1.4877211625935129E-003  -1.2550884138758411E-003   1.0646083642535742E-003  -9.0045283185761994E-004   7.5463864114009931E-004  -6.2289725216248314E-004   5.0294213453945188E-004  -3.9366079352385426E-004   2.9472025045563518E-004  -2.0639321361056440E-004   1.2954916011232755E-004  -6.5876289400816344E-005   1.8803235493615578E-005
   1.0374316420280751E-002   2.7020918892008756E-002   1.9106432563579367E-002  -4.4564391267027442E-003   2.8652582822313913E-003  -2.1732900191789588E-003   1.7504674242603956E-003  -1.4441593004675629E-003   1.1997347140262204E-003  -9.9321082595113801E-004   8.1274045624572507E-004  -6.5210872567980247E-004   5.0805649742572832E-004  -3.7906513017726316E-004   2.6479741938961960E-004  -1.6591506048695365E-004   8.4271069883744902E-005  -2.4038800008913834E-005
   1.1077406866712007E-002   2.3733721893981402E-002   4.1586945943998706E-002   2.5235511026295288E-002  -5.4402127978510819E-003   3.3352040081315341E-003  -2.4464421271376022E-003   1.9182833109733432E-003  -1.5449081384800200E-003   1.2531590358387163E-003  -1.0111423696122538E-003   8.0321646642575689E-004  -6.2125112993399831E-004   4.6106310699042840E-004  -3.2083822241693203E-004   2.0048470709334892E-004  -1.0164986850719688E-004   2.8968800487616586E-005
   1.0620004297478846E-002   2.5586531012915026E-002   3.6426082970749195E-002   5.4951828825218527E-002   3.0638801677105566E-002  -6.2593451965170062E-003   3.6944032886874877E-003  -2.6295169321673530E-003   2.0078519300074722E-003  -1.5760598636234962E-003   1.2443577395199205E-003  -9.7372712271861876E-004   7.4512216397706356E-004  -5.4875062417511077E-004   3.7975255175935188E-004  -2.3638595343097139E-004   1.1955334004297538E-004  -3.4025636306041115E-005
   1.0948670534248375E-002   2.4331393803668076E-002   3.9393836647932987E-002   4.8077283905264959E-002   6.6731950958100569E-002   3.5160728666890469E-002  -6.8937988270288096E-003   3.9386910270715328E-003  -2.7250926732204626E-003   2.0253857425600119E-003  -1.5459447656000162E-003   1.1829214751955214E-003  -8.9131174909376780E-004   6.4929400140019313E-004  -4.4588352784188560E-004   2.7607923880793912E-004  -1.3915147318177207E-004   3.9531476038059257E-005
   1.0697783796571075E-002   2.5260650891992503E-002   3.7348004073431001E-002   5.2067488341158666E-002   5.8350562533003303E-002   7.6589460027846279E-002   3.8671168780291074E-002  -7.3268558536345911E-003   4.0638139747057574E-003  -2.7340805031086761E-003   1.9746346834424149E-003  -1.4600718848329427E-003   1.0755397970300562E-003  -7.7147479998153996E-004   5.2415219484760827E-004  -3.2219019448062987E-004   1.6164200699716214E-004  -4.5808599130025688E-005
   1.0897233324923514E-002   2.4535094891176647E-002   3.8884725923423034E-002   4.9292305330365181E-002   6.3239302217250964E-002   6.6949404480562122E-002   8.4241391472360760E-002   4.1069120935131750E-002  -7.5468105534659399E-003   4.0675639577339951E-003  -2.6581117983877161E-003   1.8593393135293431E-003  -1.3235380548513771E-003   9.2832836763439349E-004  -6.2131094691778683E-004   3.7810818359134611E-004  -1.8850571424093587E-004   5.3245821336938460E-005
   1.0734048740086998E-002   2.5121936712971166E-002   3.7670773901935455E-002   5.1393003775077641E-002   5.9822777521605967E-002   7.2587388378917844E-002   7.3625884398180907E-002   8.9467945283024500E-002   4.2285595738886135E-002  -7.5477141927732180E-003   3.9505480095806842E-003  -2.5003807264210778E-003   1.6841204975000937E-003  -1.1419629958106504E-003   7.4786953122887758E-004  -4.4877493938998386E-004   2.2180436957804271E-004  -6.2370528828144890E-005
   1.0870377290565381E-002   2.4635470077473853E-002   3.8661640066368200E-002   4.9723152522300307E-002   6.2419566351132647E-002   6.8637336838170665E-002   7.9842718289285269E-002   7.8187693863556895E-002   9.2118905673942306E-002   4.2285595738980865E-002  -7.3297034102081052E-003   3.7164531648507691E-003  -2.2659310434039442E-003   1.4548258338822578E-003  -9.2198172170477005E-004   5.4209122530746016E-004  -2.6466226593589134E-004   7.3958021821672926E-005
   1.0754760940228475E-002   2.5045780161350534E-002   3.7834756943096168E-002   5.1092333000584474E-002   6.0349274987559570E-002   7.1644995390602706E-002   7.5482998249295830E-002   8.4796353671503871E-002   8.0503627523755950E-002   9.2118002034656088E-002   4.1069120934045376E-002  -6.8990539092260040E-003   3.3720528547977733E-003  -1.9616988616115603E-003   1.1787167228707956E-003  -6.7186079597270412E-004   3.2217955588854279E-004  -8.9226562844944442E-005
   1.0853815360522080E-002   2.4695632440216820E-002   3.8535055320844849E-002   4.9946869858976145E-002   6.2049078155008652E-002   6.9245917538865900E-002   7.8802409447499833E-002   8.0163607189869854E-002   8.7305271984325541E-002   8.0507377507208391E-002   8.9465097725692694E-002   3.8671168779343602E-002  -6.2680026923977571E-003   2.9270408226011405E-003  -1.5964662879304262E-003   8.6486105410454189E-004  -4.0337644483497468E-004   1.1022296567167147E-004
   1.0768475285198552E-002   2.4996425920482953E-002   3.7936785887321280E-002   5.0916905581677718E-002   6.0628309353649393E-002   7.1212769084894892E-002   7.6159416087604834E-002   8.3684186638738681E-002   8.2545805738886646E-002   8.7296284154815884E-002   7.8199550845916732E-002   8.4236136389241309E-002   3.5160728665054777E-002  -5.4543476022058382E-003   2.3937381477861864E-003  -1.1809715202613718E-003   5.2588064354276221E-004  -1.4066377182031127E-004
   1.0842032397397644E-002   2.4737721107362824E-002   3.8449251079330123E-002   5.0091269502110791E-002   6.1826353979179537E-002   6.9576335171859280E-002   7.8316064685440390E-002   8.0893884133754423E-002   8.6147251344863632E-002   8.2563339551889242E-002   8.4767758804741647E-002   7.3647934274744170E-002   7.6580802530548581E-002   3.0638801675513402E-002  -4.4808067718658294E-003   1.7867821567913991E-003  -7.2925656556476609E-004   1.8800246511790509E-004
   1.0779037960493789E-002   2.4958924315958086E-002   3.8012380418717295E-002   5.0791860276146558E-002   6.0816540248189985E-002   7.0942708465537158E-002   7.6539121096545773E-002   8.3149384242611285E-002   8.3318032445717449E-002   8.6116099619996209E-002   8.0219958562087787E-002   7.9788779689980993E-002   6.6986253327472975E-002   6.6717816151911899E-002   2.5235511024173422E-002  -3.3740808161987798E-003   1.1235525533004479E-003  -2.6940010389424964E-004
   1.0832045560899705E-002   2.4773003377615180E-002   3.8378780186213539E-002   5.0206224634258056E-002   6.1656668485427835E-002   6.9813400838110037E-002   7.7994446288673705E-002   8.1325501416773721E-002   8.5564402307443221E-002   8.3371456767605726E-002   8.3582401173338788E-002   7.5591870138916217E-002   7.2494747354334976E-002   5.8412345073503617E-002   5.4927461177969893E-002   1.9106432561905893E-002  -2.1636444446388827E-003   4.3369034270749203E-004
   1.0789203525334414E-002   2.4923150736928506E-002   3.8083315965569305E-002   5.0677415267182523E-002   6.0982883104853967E-002   7.0715118129012544E-002   7.6839395428458801E-002   8.2761139125215710E-002   8.3816552840280653E-002   8.5471644313602088E-002   8.1073633508455770E-002   7.8597425977273983E-002   6.8833736172345214E-002   6.3075350517063894E-002   4.8189724244757169E-002   4.1539016330707147E-002   1.2428637221937228E-002  -8.8536763123026865E-004
   1.0820354530496384E-002   2.4814028991160406E-002   3.8297856876905824E-002   5.0335744106363808E-002   6.1470516765800939E-002   7.0064248854228156E-002   7.7670144920443829E-002   8.1733586486923401E-002   8.5059232435716892E-002   8.3992479961713898E-002   8.2816342206927282E-002   7.6553579561873211E-002   7.1236675251029738E-002   6.0211695391866236E-002   5.1729061474847113E-002   3.6679506484782597E-002   2.6893526521036316E-002   5.4040033800473713E-003
