   9.64640453E-03   3.01942397E-02   4.14400995E-02   5.59918806E-02   6.76036254E-02   7.70288184E-02   8.40015262E-02   8.82813931E-02   8.97232369E-02   8.82813931E-02   8.40015262E-02   7.70288184E-02   6.76036254E-02   5.59918806E-02   4.14400995E-02   3.01942397E-02   9.64640453E-03
   4.62830067E-03   2.48086452E-02   5.97557724E-02  0.109269232      0.171161115      0.243654579      0.324383974      0.410757959      0.500000000      0.589242041      0.675616026      0.756345391      0.828838885      0.890730739      0.940244198      0.975191355      0.995371699    
   5.88484295E-03  -2.19026371E-03   1.65857933E-03  -1.34892913E-03   1.13860250E-03  -9.70834692E-04   8.29294731E-04  -7.04913808E-04   5.92968718E-04  -4.90870036E-04   3.97250260E-04  -3.11497046E-04   2.33555780E-04  -1.63555218E-04   1.03003120E-04  -5.24672723E-05   1.47373630E-05
   1.29393823E-02   1.42485257E-02  -3.95598589E-03   2.70228786E-03  -2.12715915E-03   1.75058783E-03  -1.46507681E-03   1.22943008E-03  -1.02536951E-03   8.43788497E-04  -6.79966877E-04   5.31542464E-04  -3.97645170E-04   2.78010179E-04  -1.74882807E-04   8.90150259E-05  -2.49930399E-05
   1.14691146E-02   3.04190181E-02   2.06553545E-02  -4.58073942E-03   2.89105484E-03  -2.16031494E-03   1.71661039E-03  -1.39618013E-03   1.14107016E-03  -9.26106353E-04   7.39059120E-04  -5.73692261E-04   4.26993705E-04  -2.97433406E-04   1.86618650E-04  -9.48310262E-05   2.66019651E-05
   1.21736638E-02   2.67557688E-02   4.58121523E-02   2.83780918E-02  -6.36501843E-03   3.94411432E-03  -2.89711589E-03   2.26075295E-03  -1.80259941E-03   1.43990538E-03  -1.13674719E-03   8.75751313E-04  -6.48318091E-04   4.49881860E-04  -2.81521294E-04   1.42814184E-04  -4.00254357E-05
   1.15690278E-02   2.89138742E-02   3.99968810E-02   6.14473000E-02   3.31810154E-02  -6.50349678E-03   3.71982367E-03  -2.58019101E-03   1.92336063E-03  -1.47233717E-03   1.12957857E-03  -8.53059872E-04   6.22652879E-04  -4.27761930E-04   2.65822862E-04  -1.34252929E-04   3.75355849E-05
   1.17957173E-02   2.76516452E-02   4.31587547E-02   5.39582558E-02   7.30367899E-02   3.87239940E-02  -7.85295386E-03   4.53795260E-03  -3.14317015E-03   2.31875619E-03  -1.74181990E-03   1.29842130E-03  -9.39777994E-04   6.42038533E-04  -3.97515454E-04   2.00309558E-04  -5.59369910E-05
   1.13445763E-02   2.89053470E-02   4.06702682E-02   5.85455559E-02   6.36609271E-02   8.44403505E-02   4.12300304E-02  -7.47905625E-03   3.97754693E-03  -2.57579517E-03   1.79069501E-03  -1.26931840E-03   8.87798087E-04  -5.92370518E-04   3.60903476E-04  -1.80022209E-04   4.99974267E-05
   1.13475295E-02   2.83856671E-02   4.21070866E-02   5.56816645E-02   6.88828379E-02   7.40309432E-02   9.08986479E-02   4.42510806E-02  -8.41336604E-03   4.57518920E-03  -2.97908694E-03   2.04935111E-03  -1.41170237E-03   9.34221433E-04  -5.66576258E-04   2.81917106E-04  -7.82028583E-05
   1.09202489E-02   2.93780230E-02   4.04780954E-02   5.81766926E-02   6.50016442E-02   8.02881569E-02   7.93195367E-02   9.66835245E-02   4.39512432E-02  -7.50357006E-03   3.72749148E-03  -2.23821052E-03   1.42099336E-03  -8.92227050E-04   5.22794842E-04  -2.54673156E-04   6.98536096E-05
   1.08064041E-02   2.91804466E-02   4.13447320E-02   5.64314052E-02   6.78049475E-02   7.60127604E-02   8.60192850E-02   8.46321806E-02   9.72022340E-02   4.40249853E-02  -7.83019233E-03   3.94543447E-03  -2.34905607E-03   1.43415516E-03  -8.29260214E-04   4.01435682E-04  -1.09803776E-04
   1.04223676E-02   2.99388859E-02   4.02988717E-02   5.79140857E-02   6.55867532E-02   7.92442188E-02   8.13461244E-02   9.16658938E-02   8.49859640E-02   9.64526311E-02   4.11501862E-02  -6.67777099E-03   3.06978915E-03  -1.65352249E-03   8.90385825E-04  -4.13864298E-04   1.10879308E-04
   1.02965608E-02   2.97812652E-02   4.10628691E-02   5.65120392E-02   6.75929040E-02   7.65112266E-02   8.50392729E-02   8.66140053E-02   9.22482237E-02   8.43656510E-02   9.11470652E-02   3.81274931E-02  -6.24375185E-03   2.78584124E-03  -1.39479793E-03   6.27741101E-04  -1.65829159E-04
   1.00042168E-02   3.02662253E-02   4.04926948E-02   5.73584735E-02   6.62217066E-02   7.85156563E-02   8.22857097E-02   9.03131738E-02   8.72502550E-02   9.14172083E-02   7.97399059E-02   8.39472786E-02   3.30874026E-02  -5.02512977E-03   1.99768902E-03  -8.15045380E-04   2.06088662E-04
   9.92914103E-03   3.00484523E-02   4.12377603E-02   5.61624058E-02   6.77827299E-02   7.65180662E-02   8.48245174E-02   8.71138498E-02   9.12895799E-02   8.62205029E-02   8.67487565E-02   7.32231960E-02   7.35346600E-02   2.73464806E-02  -3.96790588E-03   1.34351815E-03  -3.18041653E-04
   9.73946508E-03   3.03342361E-02   4.09086347E-02   5.67310080E-02   6.67916983E-02   7.79689401E-02   8.28767791E-02   8.96257833E-02   8.81170034E-02   9.02077630E-02   8.16599578E-02   7.99939856E-02   6.36097714E-02   6.14764169E-02   2.05088574E-02  -2.61385203E-03   5.20557922E-04
   9.72211361E-03   3.01201381E-02   4.14832868E-02   5.58710471E-02   6.78849295E-02   7.65887126E-02   8.46014172E-02   8.75080675E-02   9.06873122E-02   8.71022567E-02   8.54329616E-02   7.52836168E-02   6.98474795E-02   5.25783896E-02   4.73889410E-02   1.21524828E-02  -9.15434444E-04
   9.65020340E-03   3.02171260E-02   4.13765311E-02   5.60822152E-02   6.74955621E-02   7.71605372E-02   8.38410556E-02   8.84731859E-02   8.94979089E-02   8.85417163E-02   8.37060735E-02   7.73565918E-02   6.72648102E-02   5.62641546E-02   4.12581414E-02   3.06760129E-02   4.61787730E-03
