   2.35629473E-02   5.34542501E-02   8.00382271E-02  0.101584122      0.116746217      0.124573484      0.124573484      0.116746217      0.101584122       8.00382271E-02   5.34542501E-02   2.35629473E-02
   9.21911001E-03   4.79401946E-02  0.115048498      0.206341058      0.316084266      0.437383264      0.562616765      0.683915734      0.793658972      0.884951472      0.952059805      0.990780890    
   1.17919650E-02  -4.37888457E-03   3.20974342E-03  -2.52805441E-03   2.02275440E-03  -1.60697056E-03   1.24744372E-03  -9.30274487E-04   6.50463917E-04  -4.08132240E-04   2.07560966E-04  -5.92571341E-05
   2.55158450E-02   2.67343204E-02  -6.96687913E-03   4.58844565E-03  -3.41577525E-03   2.61652516E-03  -1.98930153E-03   1.46468182E-03  -1.01582066E-03   6.34056341E-04  -3.21430067E-04   9.16153003E-05
   2.26338636E-02   5.81263527E-02   4.00135294E-02  -8.96477606E-03   5.44756046E-03  -3.82739678E-03   2.78078346E-03  -1.99376652E-03   1.36020500E-03  -8.40279390E-04   4.23319318E-04  -1.20271317E-04
   2.41632592E-02   5.10590300E-02   8.71016756E-02   5.07853590E-02  -1.03588076E-02   5.88964438E-03  -3.90282529E-03   2.66448036E-03  -1.76634523E-03   1.07230304E-03  -5.34660416E-04   1.51114509E-04
   2.31637713E-02   5.50361350E-02   7.63028264E-02  0.110596716       5.83591387E-02  -1.10735586E-02   5.91567904E-03  -3.67510645E-03   2.31731101E-03  -1.36690948E-03   6.70432928E-04  -1.87949438E-04
   2.38738749E-02   5.23471273E-02   8.24983567E-02   9.67833474E-02  0.127123207       6.22699037E-02  -1.10809933E-02   5.54481568E-03  -3.18178092E-03   1.78708707E-03  -8.53570644E-04   2.36253705E-04
   2.33311262E-02   5.43197356E-02   7.82530233E-02  0.104765274      0.111201964      0.135652602       6.22645952E-02  -1.03773037E-02   4.80083190E-03  -2.45914911E-03   1.12246664E-03  -3.04277288E-04
   2.37536412E-02   5.27924709E-02   8.14068243E-02   9.92668346E-02  0.120420545      0.118659154      0.135643408       5.83473556E-02  -9.00988840E-03   3.73446639E-03  -1.56352657E-03   4.08665539E-04
   2.34135613E-02   5.39939851E-02   7.89683163E-02  0.103348941      0.114083581      0.128473431      0.118688509      0.127095163       5.07637411E-02  -7.06156949E-03   2.41350336E-03  -5.86900802E-04
   2.36839876E-02   5.30341193E-02   8.08791444E-02  0.100224473      0.118738867      0.121794224      0.128398702      0.111302726      0.110536255       3.99918109E-02  -4.65049781E-03   9.45585081E-04
   2.34717801E-02   5.37764654E-02   7.94055089E-02  0.102598540      0.115283430      0.126560107      0.121960498      0.120157383       9.70022976E-02   8.69847387E-02   2.67121736E-02  -1.93068467E-03
   2.36221738E-02   5.32472469E-02   8.04458484E-02  0.100934602      0.117675088      0.123327851      0.126178041      0.114726521      0.104108386       7.68324062E-02   5.78213222E-02   1.17805609E-02
