   7.3139976298434656E-003   1.6887450908739669E-002   2.6146667563990554E-002   3.4898234220920754E-002   4.2970803122582946E-002   5.0207072222651555E-002   5.6466148039833915E-002   6.1626188405241797E-002   6.5586752393528028E-002   6.8270749173007933E-002   6.9625936427815921E-002   6.9625936427815921E-002   6.8270749173007933E-002   6.5586752393528028E-002   6.1626188405241797E-002   5.6466148039833915E-002   5.0207072222651555E-002   4.2970803122582946E-002   3.4898234220920754E-002   2.6146667563990554E-002   1.6887450908739669E-002   7.3139976298434656E-003
   2.8527072586308488E-003   1.4969751085089911E-002   3.6521613907667616E-002   6.7093711141266610E-002  0.10609159701140225       0.15275636840666351       0.20617979824651711       0.26532208100661619       0.32903208955395813       0.39606978665588954       0.46513036334013869       0.53486963665986131       0.60393021334411046       0.67096791044604187       0.73467791899338386       0.79382020175348289       0.84724363159333649       0.89390840298859775       0.93290628885873339       0.96347838609233238       0.98503024891491009       0.99714729274136915     
   3.6569988249893046E-003  -1.3833915463679527E-003   1.0492334523620110E-003  -8.7003255759774084E-004   7.4783654673204959E-004  -6.5416015400205079E-004   5.7713069397297807E-004  -5.1082256970083075E-004   4.5194418359170832E-004  -3.9854031515585190E-004   3.4940223966693442E-004  -3.0377002182012153E-004   2.6117034542355984E-004  -2.2132321170363449E-004   1.8408651954552379E-004  -1.4942330778467211E-004   1.1738424609787812E-004  -8.8102652594677032E-005   6.1803629829666968E-005  -3.8836447913230729E-005   1.9762104714509658E-005  -5.6427430374336431E-006
   7.9131480293473649E-003   8.4437254003609866E-003  -2.2759276417634441E-003   1.5776031100684586E-003  -1.2611647530279921E-003   1.0631977854653164E-003  -9.1814008554526392E-004   8.0174364783663357E-004  -7.0292953068829141E-004   6.1593406243109854E-004  -5.3749984967185695E-004   4.6569135176490926E-004  -3.9933312196971903E-004   3.3771935221253154E-004  -2.8045434801158274E-004   2.2736230773321860E-004  -1.7843791669819753E-004   1.3382538475043877E-004  -9.3824181265996165E-005   5.8933121786447124E-005  -2.9980054317638123E-005   8.5590175306389233E-006
   7.0204959699615424E-003   1.8357413108979828E-002   1.3073333790500654E-002  -3.0815569620674076E-003   2.0097426418205135E-003  -1.5527495001586762E-003   1.2800520772691558E-003  -1.0870176156421655E-003   9.3591519400233010E-004  -8.0993070087284245E-004   7.0051907391170817E-004  -6.0295217198788923E-004   5.1447339050611116E-004  -4.3343816050734544E-004   3.5887819042493057E-004  -2.9026774140621797E-004   2.2739632567871860E-004  -1.7030538802142569E-004   1.1927390336098166E-004  -7.4861171592798375E-005   3.8063366605191630E-005  -1.0863705197183491E-005
   7.4963397230012434E-003   1.6124039821254665E-002   2.8455450450490222E-002   1.7449117114249724E-002  -3.8152665799002432E-003   2.3821922649639705E-003  -1.7881445961978547E-003   1.4428974099454700E-003  -1.2040490615497794E-003   1.0206371003553692E-003  -8.7012985373833814E-004   7.4116806968733203E-004  -6.2751600640556645E-004   5.2556661879064762E-004  -4.3318684030448985E-004   3.4913750863860271E-004  -2.7276761902428153E-004   2.0385539022223760E-004  -1.4254368306173111E-004   8.9363120327628793E-005  -4.5402046251344344E-005   1.2952850286378984E-005
   7.1867094948936429E-003   1.7383086345685059E-002   2.4923789038703851E-002   3.7996758258744677E-002   2.1485401564563460E-002  -4.4695759741885483E-003   2.6989394050647218E-003  -1.9763120936922142E-003   1.5630797164292386E-003  -1.2816486777497843E-003   1.0686593662249692E-003  -8.9618465137342586E-004   7.5018979822994900E-004  -6.2299718931202517E-004   5.1018552588281475E-004  -4.0915997415555123E-004   3.1843985832138505E-004  -2.3729226023344046E-004   1.6555876631641598E-004  -1.0362660329790297E-004   5.2593143124840338E-005  -1.4995823830900636E-005
   7.4092935178485114E-003   1.6529837825872747E-002   2.6955303154922988E-002   3.3242405664012438E-002   4.6796185880875349E-002   2.5103536127461652E-002  -5.0340985545452585E-003   2.9579332611908140E-003  -2.1188377526822938E-003   1.6441628631930800E-003  -1.3245275124635651E-003   1.0853570878030750E-003  -8.9383180718172574E-004   7.3348648114689434E-004  -5.9533624212277161E-004   4.7423141596522503E-004  -3.6718377462291289E-004   2.7254360516838674E-004  -1.8959695992836232E-004   1.1842268188378826E-004  -6.0018666801073829E-005   1.7100142709730930E-005
   7.2392425656016618E-003   1.7162040906655573E-002   2.5553939055647117E-002   3.6003375811565028E-002   4.0916907135294590E-002   5.4683158489970525E-002   2.8233074039319465E-002  -5.4988729710798824E-003   3.1559926241782467E-003  -2.2154065468995465E-003   1.6874275202701169E-003  -1.3349552244865102E-003   1.0736412524031931E-003  -8.6640552674454533E-004   6.9467429252044975E-004  -5.4834326748256254E-004   4.2166451477247696E-004  -3.1137120718028010E-004   2.1578030306220410E-004  -1.3440856871029436E-004   6.7997728058293252E-005  -1.9354635618838787E-005
   7.3746237599685580E-003   1.6667748652784316E-002   2.6607865788015533E-002   3.4081137249967440E-002   4.4348849028438088E-002   4.7797233604999989E-002   6.1504593274024459E-002   3.0813094233801016E-002  -5.8553704363777355E-003   3.2902205332834551E-003  -2.2654370270664180E-003   1.6935781315190130E-003  -1.3144495574953213E-003   1.0355801964536820E-003  -8.1636542044558860E-004   6.3650831860004753E-004  -4.8502252903925548E-004   3.5574294645873120E-004  -2.4530895448352376E-004   1.5226430540433910E-004  -7.6853025217941387E-005   2.1847990415971410E-005
   7.2635984835383331E-003   1.7068442974032969E-002   2.5773557714284290E-002   3.5538899978687435E-002   4.1946712280682356E-002   5.1829055880818188E-002   5.3749033060061603E-002   6.7127972668440533E-002   3.2793376223534877E-002  -6.0969366071431724E-003   3.3585388302865109E-003  -2.2686930073656597E-003   1.6633922927567579E-003  -1.2644331278746195E-003   9.7304497787876576E-004  -7.4592171259632979E-004   5.6148852140923682E-004  -4.0817220747711540E-004   2.7965017692788629E-004  -1.7279348436188301E-004   8.6956873417340716E-005  -2.4681164806198832E-005
   7.3566941773922983E-003   1.6735093391602611E-002   2.6456858807954051E-002   3.4376511048216402E-002   4.3777495177735506E-002   4.8997936482118601E-002   5.8298491686051897E-002   5.8656193902924328E-002   7.1443993988327625E-002   3.4135374632807296E-002  -6.2190321426296305E-003   3.3599264199893238E-003  -2.2255443686538777E-003   1.5979976827750291E-003  -1.1865186364493677E-003   8.8799942757051740E-004  -6.5733390654420653E-004   4.7218257680580730E-004  -3.2076988937044181E-004   1.9703555252693870E-004  -9.8779031389702209E-005   2.7979761803590985E-005
   7.2772939951311630E-003   1.7017818954925011E-002   2.5883601227185728E-002   3.5334364753581204E-002   4.2311262208909510E-002   5.1162185402706929E-002   5.5097656093011219E-002   6.3631335581959894E-002   6.2423051232746253E-002   7.4368735154774851E-002   3.4812968249098339E-002  -6.2193705597713552E-003   3.2945293781288802E-003  -2.1370801471359748E-003   1.4989926160860400E-003  -1.0826393591208765E-003   7.8264802318301881E-004  -5.5309524116178182E-004   3.7149169015046407E-004  -2.2642697201530375E-004   1.1295129604197607E-004  -3.1910137662698614E-005
   7.3459077960599372E-003   1.6774499553143835E-002   2.6373094521161756E-002   3.4526742554174018E-002   4.3523898328188537E-002   4.9424424213586719E-002   5.7548787387114650E-002   6.0127195798483857E-002   6.7723832534331896E-002   6.4976219797719489E-002   7.5845306996609879E-002   3.4812968270750158E-002  -6.0979859725676291E-003   3.1637011549460153E-003  -2.0051471688572161E-003   1.3684919368841752E-003  -9.5511316817184391E-004   6.5954088089512563E-004  -4.3613051592775387E-004   2.6306632837275635E-004  -1.3036811813471670E-004   3.6703666796974323E-005
   7.2860178924753771E-003   1.6986229892996876E-002   2.5949631991254600E-002   3.5219004138473252E-002   4.2498620509430561E-002   5.0864406144648877E-002   5.5578148598630910E-002   6.2812707053305189E-002   6.3988754701381503E-002   7.0496293549159067E-002   6.6266010001361036E-002   7.5844968588422781E-002   3.4135374631687115E-002  -5.8572415949878585E-003   2.9699945076158050E-003  -1.8323436533900788E-003   1.2091357490768278E-003  -8.0669208358482539E-004   5.2172318196731327E-004  -3.1019124603747026E-004   1.5235743370273390E-004  -4.2696512841193644E-005
   7.3386788148146892E-003   1.6800493999496374E-002   2.6319461025264165E-002   3.4618584073481257E-002   4.3378975296365738E-002   4.9645583715232824E-002   5.7212069739951417E-002   6.0653143437839674E-002   6.6851185513316452E-002   6.6607356886023775E-002   7.1894629431791784E-002   6.6267397598023997E-002   7.4367685800145036E-002   3.2793376258315181E-002  -5.5017842620864125E-003   2.7171149777779399E-003  -1.6219836549197367E-003   1.0240908193288787E-003  -6.4066575605873765E-004   3.7310985331135690E-004  -1.8099215880411069E-004   5.0399182569390015E-005
   7.2921496553558594E-003   1.6964303908155329E-002   2.5994403234567500E-002   3.5143543204209343E-002   4.2615060145907400E-002   5.0692094764783771E-002   5.5829639708642693E-002   6.2442553837074082E-002   6.4551172187214914E-002   6.9585198739038040E-002   6.7932358288929559E-002   7.1891373461169777E-002   6.4980528634653881E-002   7.1442122857845042E-002   3.0813094256594727E-002  -5.0384452387398490E-003   2.4098386207788186E-003  -1.3780459263049100E-003   8.1709696871874694E-004  -4.6119821749949483E-004   2.1970215484829017E-004  -6.0626093639219830E-005
   7.3333522775815077E-003   1.6819453162747158E-002   2.6281076110670546E-002   3.4682453942712320E-002   4.3282174305753172E-002   4.9785407717447230E-002   5.7014491297948167E-002   6.0931514120897819E-002   6.6453157913679298E-002   6.7197107925704352E-002   7.0960891648675223E-002   6.7938508909703377E-002   7.0486155718965521E-002   6.2430759771148377E-002   6.7125061405440403E-002   2.8233074083208676E-002  -4.4760862753463531E-003   2.0538959740139286E-003  -1.1051415984849756E-003   5.9272851833088521E-004  -2.7459010572134998E-004   7.4755100121315059E-005
   7.2968974957998310E-003   1.6947469564057169E-002   2.6028244862943830E-002   3.5087831201717865E-002   4.2698259498054329E-002   5.0574256005841096E-002   5.5991916614628018E-002   6.2221524656239549E-002   6.4853265904155702E-002   6.9164580987922900E-002   6.8540579332646637E-002   7.0950463947420744E-002   6.6626586302715118E-002   6.7705590152984038E-002   5.8668255143280362E-002   6.1500246630312089E-002   2.5103536170468229E-002  -3.8253827831152142E-003   1.6558285535563022E-003  -8.0863558280130758E-004   3.5761297197318135E-004  -9.5295854194194464E-005
   7.3289934596208941E-003   1.6834857758267621E-002   2.6250294153261303E-002   3.4732675468923890E-002   4.3208095370747712E-002   4.9888632368173723E-002   5.6875308009984728E-002   6.1116002882464764E-002   6.6209749580946151E-002   6.7520559375474340E-002   7.0522121079740749E-002   6.8557277059694166E-002   6.9552397854181186E-002   6.4023672671684489E-002   6.3602500506663870E-002   5.3767208637332441E-002   5.4676648232944318E-002   2.1485401615596710E-002  -3.0985240582768634E-003   1.2228785412396019E-003  -4.9563555379623675E-004   1.2728816709208800E-004
   7.3010447830715846E-003   1.6932852951383158E-002   2.6057304433055865E-002   3.5040777915096133E-002   4.2766947722341957E-002   5.0479839847230763E-002   5.6117010524473564E-002   6.2059375252702005E-002   6.5061185767246218E-002   6.8898265187392532E-002   6.8884768349514430E-002   7.0496066290993378E-002   6.7250112062114786E-002   6.6790801467148053E-002   6.0183290980424138E-002   5.8254292657761310E-002   4.7824879949839853E-002   4.6786069735389083E-002   1.7449117161950169E-002  -2.3087828889834048E-003   7.6341097612342673E-004  -1.8234206573605085E-004
   7.3248613371086711E-003   1.6849387539694779E-002   2.6221528730889242E-002   3.4778960321578532E-002   4.3141108508281359E-002   4.9979675895794481E-002   5.6756415782879259E-002   6.1267310212123914E-002   6.6020190557968816E-002   6.7756275777265756E-002   7.0228888606445355E-002   6.8925417345717804E-002   6.9080679883812543E-002   6.4650837187536989E-002   6.2713206035321684E-002   5.5186095944513819E-002   5.1759821756240720E-002   4.0961060444824629E-002   3.7979791242986907E-002   1.3073333829893711E-002  -1.4699623279595610E-003   2.9350168782596241E-004
   7.3054386129852598E-003   1.6917430962689151E-002   2.6087734439080724E-002   3.4992058405655641E-002   4.2836977734340774E-002   5.0385510142259157E-002   5.6238785728415834E-002   6.1906642757534797E-002   6.5249033036423126E-002   6.8670082300557364E-002   6.9160245069708720E-002   7.0163436284680719E-002   6.7654815102423174E-002   6.6289681933476591E-002   6.0824444746797643E-002   5.7384288137475419E-002   4.9143874425487032E-002   4.4231967897374221E-002   3.3320631071234050E-002   2.8422595315325039E-002   8.4437254044103620E-003  -5.9915038034990425E-004
   7.3196403729085544E-003   1.6867688804308806E-002   2.6185504010617928E-002   3.4836430592842089E-002   4.3058905772964187E-002   5.0089687979172397E-002   5.6615571344283681E-002   6.1442101889758557E-002   6.5808075600391189E-002   6.8009578833267789E-002   6.9929706443041154E-002   6.9276534195734207E-002   6.8669289479492010E-002   6.5134808219818957E-002   6.2137010963672253E-002   5.5889017358739787E-002   5.0861232362084507E-002   4.2222966594625051E-002   3.5768266753607614E-002   2.5097434148343659E-002   1.8270842428891754E-002   3.6569988084990341E-003
