   3.33356721543440714929E-0002   7.47256745752903016571E-0002  0.109543181257991019811        0.134633359654998177186        0.147762112357376434931        0.147762112357376434931        0.134633359654998177186        0.109543181257991019811         7.47256745752903016571E-0002   3.33356721543440714929E-0002
   1.30467357414141401565E-0002   6.74683166555077448376E-0002  0.160295215850487796598        0.283302302935376404468        0.425562830509184394424        0.574437169490815605576        0.716697697064623595532        0.839704784149512203375        0.932531683344492255162        0.986953264258585859843      
   1.66678360771720348842E-0002  -6.12068029233503015347E-0003   4.39200373028852242125E-0003  -3.34535050882549484432E-0003   2.54756897027876364731E-0003  -1.88262038693525668277E-0003   1.31081462770308397096E-0003  -8.20986353138291163810E-0004   4.17243835667835741018E-0004  -1.19093958462027530672E-0004
   3.60661525781943313179E-0002   3.73628372876451481045E-0002  -9.53137359188965903470E-0003   6.07228446174392181781E-0003  -4.30404581295939172118E-0003   3.06851861086753537247E-0003  -2.09411395745032270347E-0003   1.29624965549819954800E-0003  -6.54328115142468520665E-0004   1.86135539000451350592E-0004
   3.19991179775146118616E-0002   8.12275701118607716732E-0002   5.47715906289955119419E-0002  -1.18776128915294266403E-0002   6.87814639770714492890E-0003  -4.50274329686185253154E-0003   2.94087333141394961693E-0003  -1.77613374657410080999E-0003   8.84246091931209057616E-0004  -2.49838753970020858530E-0004
   3.41639921791087114515E-0002   7.13553690746355567269E-0002  0.119207290548758140260         6.73166798274990905177E-0002  -1.30965195471968998207E-0002   6.94886598383539032000E-0003  -4.14845352723169509651E-0003   2.39281424177035655222E-0003  -1.16229795133242644259E-0003   3.24562105530182862326E-0004
   3.27609312912844402139E-0002   7.69022997036484357269E-0002  0.104444079563094206115        0.146566245550415955002         7.38810561786882197491E-0002  -1.31122091695853751638E-0002   6.33145505482068372682E-0003  -3.33810079767527556102E-0003   1.55179916885143632827E-0003  -4.24726034358327345021E-0004
   3.37603981887023992491E-0002   7.31738754064388612585E-0002  0.112881282055666295870        0.128301904600177494220        0.160874321526961809614         7.38810561786882218633E-0002  -1.19328858954177779020E-0002   5.09910169489681524274E-0003  -2.17662512835813958225E-0003   5.74740863059631539536E-0004
   3.30111100488138889385E-0002   7.58879725266227257241E-0002  0.107150367016220662763        0.138781813182229873813        0.140813246373541043230        0.160858631904573335842         6.73166798274990928758E-0002  -9.66410929076711891304E-0003   3.37030550065473883030E-0003  -8.28320024764640264064E-0004
   3.35855109083140925828E-0002   7.38414284833590912132E-0002  0.111319315004565120378        0.131692486323584228029        0.152264855654238287654        0.140883965959669288980        0.146510972546527605428         5.47715906289955160450E-0002  -6.50189553657047718785E-0003   1.33655417682945880221E-0003
   3.31495366153436201664E-0002   7.53800026904327698766E-0002  0.108246931602492819581        0.136727473612448500962        0.144693593746508898385        0.152066158170335828279        0.128561075193254252349        0.119074554849880685618         3.73628372876451514046E-0002  -2.73048042385026195269E-0003
   3.34547661128060990212E-0002   7.43084307396224658478E-0002  0.110364167611129310864        0.133322545027295093404        0.149644732744311691387        0.145214543387097671536        0.137978710163823671607        0.105151177527702498123         8.08463548676253325814E-0002   1.66678360771720354974E-0002
