   3.3335672154352437E-002   7.4725674575283535E-002  0.10954318125799418       0.13463335965499781       0.14776211235737641       0.14776211235737641       0.13463335965499781       0.10954318125799418        7.4725674575283535E-002   3.3335672154352437E-002
   1.3046735741414350E-002   6.7468316655507232E-002  0.16029521585048828       0.28330230293537628       0.42556283050918436       0.57443716949081558       0.71669769706462372       0.83970478414951177       0.93253168334449277       0.98695326425858565     
   1.6667836077172541E-002  -6.1206802923352678E-003   4.3920037302886510E-003  -3.3453505088256201E-003   2.5475689702788517E-003  -1.8826203869353212E-003   1.3108146277031310E-003  -8.2098635313831785E-004   4.1724383566784816E-004  -1.1909395846203338E-004
   3.6066152578194982E-002   3.7362837287644023E-002  -9.5313735918887924E-003   6.0722844617433691E-003  -4.3040458129589704E-003   3.0685186108672250E-003  -2.0941139574501121E-003   1.2962496554980640E-003  -6.5432811514239781E-004   1.8613553900043492E-004
   3.1999117977515701E-002   8.1227570111859521E-002   5.4771590628998383E-002  -1.1877612891530831E-002   6.8781463977081059E-003  -4.5027432968625389E-003   2.9408733314144251E-003  -1.7761337465743905E-003   8.8424609193135293E-004  -2.4983875397006667E-004
   3.4163992179110723E-002   7.1355369074633732E-002  0.11920729054876052        6.7316679827497908E-002  -1.3096519547195283E-002   6.9488659838342556E-003  -4.1484535272309280E-003   2.3928142417698763E-003  -1.1622979513321802E-003   3.2456210553011912E-004
   3.2760931291287640E-002   7.6902299703645358E-002  0.10444407956309759       0.14656624555041303        7.3881056178692145E-002  -1.3112209169586907E-002   6.3314550548217493E-003  -3.3381007976759302E-003   1.5517991688517615E-003  -4.2472603435842854E-004
   3.3760398188707054E-002   7.3173875406434247E-002  0.11288128205567091       0.12830190460017374       0.16087432152696465        7.3881056178688564E-002  -1.1932885895416395E-002   5.0991016948959828E-003  -2.1766251283577183E-003   5.7474086305952436E-004
   3.3011110048819910E-002   7.5887972526616748E-002  0.10715036701622588       0.13878181318222613       0.14081324637354356       0.16085863190457189        6.7316679827502959E-002  -9.6641092907674923E-003   3.3703055006549390E-003  -8.2832002476471937E-004
   3.3585510908321216E-002   7.3841428483352595E-002  0.11131931500456961       0.13169248632358216       0.15226485565423889       0.14088396595966959       0.14651097254652748        5.4771590628997870E-002  -6.5018955365696860E-003   1.3365541768292901E-003
   3.3149536615351499E-002   7.5380002690425912E-002  0.10824693160249696       0.13672747361244691       0.14469359374650981       0.15206615817033464       0.12856107519325646       0.11907455484987799        3.7362837287651218E-002  -2.7304804238505870E-003
   3.3454766112814477E-002   7.4308430739615350E-002  0.11036416761113324       0.13332254502729349       0.14964473274431320       0.14521454338709544       0.13797871016382640       0.10515117752770119        8.0846354867624454E-002   1.6667836077176867E-002
