   1.75597301658760038665E-0002   4.00790435798800194646E-0002   6.07592853439515571001E-0002   7.86015835790967629749E-0002   9.27691987389689049759E-0002  0.102599231860647801919        0.107631926731578895132        0.107631926731578895132        0.102599231860647801919         9.27691987389689049759E-0002   7.86015835790967629749E-0002   6.07592853439515571001E-0002   4.00790435798800194646E-0002   1.75597301658760038665E-0002
   6.85809565159383214628E-0003   3.57825581682132370757E-0002   8.63993424651175012771E-0002  0.156353547594157264651        0.242375681820922953740        0.340443815536055119722        0.445972525646328169001        0.554027474353671830999        0.659556184463944880278        0.757624318179077046260        0.843646452405842735322        0.913600657534882498723        0.964217441831786762924        0.993141904348406167854      
   8.77986508293796751155E-0003  -3.28311623042934198668E-0003   2.43769977190523676725E-0003  -1.95809929677580467687E-0003   1.61116775847946369898E-0003  -1.33052156270291524195E-0003   1.08963888466220989502E-0003  -8.76302005740451933587E-0004   6.84693691039925542990E-0004  -5.12348412842921111841E-0004   3.58848231298344500253E-0004  -2.25331048392672103467E-0004   1.14628208600992311683E-0004  -3.27274204462017754299E-0005
   1.89981535901935681046E-0002   2.00395217899400421093E-0002  -5.28828692877905216288E-0003   3.55141173896971835049E-0003  -2.71822648688943992550E-0003   2.16386043522497783547E-0003  -1.73506996416363909603E-0003   1.37711257617749199180E-0003  -1.06673647746380191339E-0003   7.93568026138728749521E-0004  -5.53593219336436666982E-0004   3.46681281269538856984E-0004  -1.76059960671760315426E-0004   5.02217676032972553974E-0005
   1.68552230279503111974E-0002   4.35673907696408632692E-0002   3.03796426719758000647E-0002  -6.93923175519035649325E-0003   4.33440470550090995747E-0003  -3.16351532295943958251E-0003   2.42277289054359412609E-0003  -1.87121355051888673705E-0003   1.42453006383964416238E-0003  -1.04760430312298433596E-0003   7.25153252625854251872E-0004  -4.51771845981419368022E-0004   2.28683634142081452419E-0004  -6.51217733284801256873E-0005
   1.79971729465900657727E-0002   3.82681743915636523713E-0002   6.61233345536872041317E-0002   3.93007917895483660105E-0002  -8.23373536491334810322E-0003   4.85948742725785053077E-0003  -3.39128378072243850383E-0003   2.49119959912946119273E-0003  -1.84021037875168802219E-0003   1.32745819947615442247E-0003  -9.07277121182310639030E-0004   5.60545874372255653547E-0004  -2.82277859465565106782E-0004   8.01673175675878662966E-0005
   1.72547617984066357255E-0002   4.12533979917853556813E-0002   5.79204623738544296913E-0002   8.55778714769197109018E-0002   4.63845993694844543378E-0002  -9.12812000306882844449E-0003   5.12982390658683358886E-0003  -3.42399508689323930852E-0003   2.40100771220401289432E-0003  -1.67859385926087505359E-0003   1.12473016941185680419E-0003  -6.86129552116777039198E-0004   3.42844909038255638355E-0004  -9.69793854288981690665E-0005
   1.77874472666499136254E-0002   3.92337598958661963693E-0002   6.26327197421615666396E-0002   7.48787154811760139039E-0002  0.101022753500743349474         5.12996159303238720619E-0002  -9.58636975953159196718E-0003   5.14289425654002572333E-0003  -3.27298200285944117979E-0003   2.17096714651605858360E-0003  -1.40979076807348233149E-0003   8.43606984771860614661E-0004  -4.16706606795929970167E-0004   1.17184468566671039018E-0004
   1.73819598204594741670E-0002   4.07251338880214102682E-0002   5.93916061259883287980E-0002   8.10781747135810284334E-0002   8.83477443625841341566E-0002  0.111737358469799274905         5.38159633657894420839E-0002  -9.58944502746706361318E-0003   4.90242083631429201436E-0003  -2.95118084701216090891E-0003   1.81927648653470232091E-0003  -1.05631852469745354292E-0003   5.12797239918081367517E-0004  -1.42965263485370098392E-0004
   1.77026954293613381771E-0002   3.95662463399619446102E-0002   6.18156038686490677349E-0002   7.67823070925620485607E-0002   9.57203795859810775999E-0002   9.76968110243335071535E-0002  0.117221371759045944413         5.38159633657894203965E-0002  -9.13812660915148597656E-0003   4.42145437638478570626E-0003  -2.47659113448427936615E-0003   1.36767921796329060219E-0003  -6.46090308141371955397E-0004   1.77770345416482871730E-0004
   1.74425456973093073965E-0002   4.04957501866759474097E-0002   5.99156783591797458234E-0002   8.00113743471702333656E-0002   9.05982315924528597360E-0002  0.105872213863507234625        0.102489032475038876967        0.117218296491110461341         5.12996159303238921129E-0002  -8.25355476177442850346E-0003   3.72286809792073416369E-0003  -1.87343439820994622573E-0003   8.45283684013857325926E-0004  -2.27717100773967236616E-0004
   1.76567095513048848819E-0002   3.97361986708417593396E-0002   6.14454148960683697230E-0002   7.74768534096849008857E-0002   9.44477925982297848858E-0002  0.100198224148443790550        0.111055921818472127836        0.102502102824992074547        0.111727351863716579739         4.63845993694844424184E-0002  -6.97628789782295069540E-0003   2.83882297009718119830E-0003  -1.17435441190528276528E-0003   3.04968367469300972240E-0004
   1.74795628483084059310E-0002   4.03613214393455785382E-0002   6.01987394695793275211E-0002   7.95088607002790670420E-0002   9.14417405394927589171E-0002  0.104439442239399483657        0.105140727132449440216        0.111023210512301326344         9.77397444333899591712E-0002  0.101002934103882198685         3.93007917895483905202E-0002  -5.36404920973559040620E-0003   1.81086918831643112515E-0003  -4.37442780714133984087E-0004
   1.76248519392044785289E-0002   3.98503599457379345463E-0002   6.12110571899329897170E-0002   7.78764303264709076738E-0002   9.38168030420918904019E-0002  0.101174701796808159257        0.109503140282097778571        0.105209153841035306575        0.105762747183607232023         8.84347940334680052230E-0002   8.55408153342870420977E-0002   3.03796426719758221875E-0002  -3.48834718976076464828E-0003   7.04507137925616909689E-0004
   1.75095083982727044375E-0002   4.02551035405517781259E-0002   6.04126040626820237570E-0002   7.91551767984331993143E-0002   9.19756307128301766118E-0002  0.103665968338111604551        0.106254814155401401648        0.109366996695742536655        0.100435371425422820179         9.54874252258583496841E-0002   7.50501718401270273949E-0002   6.60475722727305729646E-0002   2.00395217899401023520E-0002  -1.43842342431763998897E-0003
   1.75924575863222056451E-0002   3.99644153712790254211E-0002   6.09846163923442330492E-0002   7.82427353477984140144E-0002   9.32815471518118324916E-0002  0.101914538169607868033        0.108508228737319357748        0.106542287846916671977        0.103929753423350733386         9.11580309804894211537E-0002   8.05596828758725919269E-0002   5.83215855720462781271E-0002   4.33621598103094177911E-0002   8.77986508293800876713E-0003
