   1.48595497E-02   3.59113850E-02   5.34402803E-02   6.98781013E-02   8.31377581E-02   9.30802226E-02   9.92157832E-02  0.101289123       9.92157832E-02   9.30802226E-02   8.31377581E-02   6.98781013E-02   5.34402803E-02   3.59113850E-02   1.48595497E-02
   5.99655509E-03   3.13862264E-02   7.58835673E-02  0.137797236      0.214514196      0.302924067      0.399402976      0.500000000      0.600597024      0.697075963      0.785485804      0.862202764      0.924116433      0.968613744      0.994003415    
   7.67843332E-03  -2.87695322E-03   2.14794977E-03  -1.73654919E-03   1.44302996E-03  -1.20731432E-03   1.00609707E-03  -8.28201359E-04   6.68018474E-04  -5.22829709E-04   3.91596201E-04  -2.74370366E-04   1.72363827E-04  -8.77003185E-05   2.49974091E-05
   1.66370850E-02   1.76419970E-02  -4.69124783E-03   3.17148934E-03  -2.45176326E-03   1.97739829E-03  -1.61334267E-03   1.31060893E-03  -1.04791031E-03   8.15250387E-04  -6.08063187E-04   4.24788479E-04  -2.66322808E-04   1.35333452E-04  -3.85481035E-05
   1.47684962E-02   3.82809676E-02   2.67325882E-02  -6.11866591E-03   3.85378674E-03  -2.84699304E-03   2.21715099E-03  -1.75179134E-03   1.37594622E-03  -1.05773576E-03   7.82453048E-04  -5.43503149E-04   3.39429942E-04  -1.72057393E-04   4.89444283E-05
   1.57594681E-02   3.36506329E-02   5.82405776E-02   3.49934399E-02  -7.44249066E-03   4.45936387E-03  -3.16976779E-03   2.38417508E-03  -1.81783200E-03   1.37087540E-03  -1.00112311E-03   6.89325214E-04  -4.27970168E-04   2.16133369E-04  -6.13623924E-05
   1.50856171E-02   3.63317132E-02   5.09621166E-02   7.60935023E-02   4.15161327E-02  -8.22693482E-03   4.68452740E-03  -3.19028390E-03   2.30315118E-03  -1.67984667E-03   1.20050961E-03  -8.14802072E-04   5.01079252E-04  -2.51554186E-04   7.11967878E-05
   1.55129209E-02   3.46319452E-02   5.50828055E-02   6.66107908E-02   9.04397070E-02   4.66773473E-02  -8.93371925E-03   4.91915224E-03  -3.23498202E-03   2.24352418E-03  -1.55557878E-03   1.03579077E-03  -6.29235408E-04   3.13538854E-04  -8.83983448E-05
   1.51023008E-02   3.60433273E-02   5.21610864E-02   7.21822008E-02   7.89992139E-02  0.101540297       4.95560579E-02  -8.96873977E-03   4.69703693E-03  -2.93700094E-03   1.92299252E-03  -1.23679987E-03   7.35283771E-04  -3.61645769E-04   1.01284670E-04
   1.53194489E-02   3.51237655E-02   5.42624481E-02   6.83929250E-02   8.56065005E-02   8.87595043E-02  0.107998133       5.08017465E-02  -8.95763095E-03   4.53392789E-03  -2.70885066E-03   1.66022149E-03  -9.60195553E-04   4.64917539E-04  -1.29198801E-04
   1.50185078E-02   3.60529199E-02   5.25294989E-02   7.13226125E-02   8.09570700E-02   9.62452218E-02   9.43009257E-02  0.110520594       4.95722406E-02  -8.26318935E-03   3.93322157E-03  -2.17659003E-03   1.19205599E-03  -5.60089189E-04   1.53377827E-04
   1.51401516E-02   3.54624987E-02   5.38870245E-02   6.90452829E-02   8.44634548E-02   9.10259634E-02  0.102286123       9.65145677E-02  0.108097389       4.66494448E-02  -7.49337021E-03   3.36164469E-03  -1.68544485E-03   7.58660841E-04  -2.03732590E-04
   1.49181215E-02   3.60958464E-02   5.27652949E-02   7.08827004E-02   8.17305446E-02   9.49348658E-02   9.67516750E-02  0.104634874       9.43784192E-02  0.101580188       4.15541902E-02  -6.22175913E-03   2.50977790E-03  -1.03242556E-03   2.66773772E-04
   1.50017580E-02   3.56634334E-02   5.37430048E-02   6.93161637E-02   8.40124860E-02   9.18016508E-02  0.100962549       9.89582539E-02  0.102349006       8.86598676E-02   9.06989798E-02   3.48991677E-02  -4.80348058E-03   1.61879277E-03  -3.89761815E-04
   1.48510132E-02   3.60811166E-02   5.30063920E-02   7.05249682E-02   8.22440907E-02   9.42409411E-02   9.77337733E-02  0.103156202       9.68669876E-02   9.60889012E-02   7.91257918E-02   7.62816891E-02   2.67137755E-02  -3.11734783E-03   6.28070673E-04
   1.49158686E-02   3.57714705E-02   5.36761880E-02   6.94796667E-02   8.37255269E-02   9.22712162E-02  0.100268282       9.99627411E-02  0.100858584       9.10528600E-02   8.56956318E-02   6.65103048E-02   5.87110855E-02   1.72961168E-02  -1.25699607E-03
   1.48407249E-02   3.59884799E-02   5.32814153E-02   7.01264441E-02   8.27869326E-02   9.35442969E-02   9.86256152E-02  0.102018185       9.83332843E-02   9.41341445E-02   8.18904713E-02   7.13608488E-02   5.16532026E-02   3.83881330E-02   7.36449985E-03
