   2.78342835580868611728E-0002   6.27901847324523163741E-0002   9.31451054638671259970E-0002  0.116596882295995239316        0.131402272255123331074        0.136462543388950315360        0.131402272255123331074        0.116596882295995239316         9.31451054638671259970E-0002   6.27901847324523163741E-0002   2.78342835580868611728E-0002
   1.08856709269715046424E-0002   5.64687001159523504319E-0002  0.134923997212975338260        0.240451935396594091983        0.365228422023827513826        0.500000000000000000000        0.634771577976172486201        0.759548064603405908017        0.865076002787024661740        0.943531299884047649595        0.989114329073028495385      
   1.39171417790434192124E-0002  -5.14325562983490694543E-0003   3.73560374914085115732E-0003  -2.90037905138315079229E-0003   2.27274215264998595930E-0003  -1.75240116264082787528E-0003   1.30248911731822960553E-0003  -9.09279657711640886898E-0004   5.70136062283444465425E-0004  -2.89875324978482116790E-0004   8.27488930845835436720E-0005
   3.01142391948244598548E-0002   3.13950923662261539383E-0002  -8.10562697907984137552E-0003   5.26282127353501299202E-0003  -3.83743668169242596109E-0003   2.85354676447749734605E-0003  -2.07783291714634556475E-0003   1.43267781287657248851E-0003  -8.91466711988145000295E-0004   4.51184930916068971474E-0004  -1.28498936996653700291E-0004
   2.67179838502661885988E-0002   6.82542809171542105262E-0002   4.65725527319335713774E-0002  -1.02895248152872178253E-0002   6.12667324766953981618E-0003  -4.18053753704864263693E-0003   2.91066795410457915940E-0003  -1.95573987509098040718E-0003   1.19821656507352278175E-0003  -6.00947942995045687232E-0004   1.70372117195621063468E-0004
   2.85266689062404150180E-0002   5.99560307356048818353E-0002  0.101365041153570597013         5.82984411479976234563E-0002  -1.16536925866713863179E-0002   6.43838129780483104962E-0003  -4.09164865278154336286E-0003   2.62061890572086207237E-0003  -1.56237108006700478921E-0003   7.71530960015176384431E-0004  -2.17065390840345191571E-0004
   2.73528599993796297703E-0002   6.46238924302517372191E-0002   8.88021849343891316926E-0002  0.126937527092484725517         6.57011361275616804516E-0002  -1.21240615804220041819E-0002   6.21926257425002120062E-0003  -3.63063338386324257733E-0003   2.06324037554684453685E-0003  -9.92886275645834976016E-0004   2.75899729894848254137E-0004
   2.81917210618672153774E-0002   6.14771890632044919100E-0002   9.59986109028957665490E-0002  0.111095774316370163202        0.143076752307042783446         6.82312716944751711311E-0002  -1.16744800519194474590E-0002   5.50110797962507142780E-0003  -2.85350543902863549350E-0003   1.31299566924781410752E-0003  -3.57437503780362602588E-0004
   2.75583838281920074967E-0002   6.37830710080981428986E-0002   9.10818650883202855063E-0002  0.120227515679858478078        0.125183009680873313672        0.148586604969372316332         6.57011361275616868823E-0002  -1.03406447964894917129E-0002   4.34292052947800000417E-0003  -1.83370769779943219129E-0003   4.81423558707219342255E-0004
   2.80513489489272032862E-0002   6.20186537724371336030E-0002   9.47074765439341343323E-0002  0.113976263390274373292        0.135493920907904879091        0.130024162091145478872        0.143055964841794724710         5.82984411479976423655E-0002  -8.21993568970346747404E-0003   2.83415399684742416647E-0003  -6.92385348153570212987E-0004
   2.76639114408912385092E-0002   6.33911326754473584640E-0002   9.19468888987936048651E-0002  0.118552622171086218088        0.128491604301018753461        0.140643080925998956743        0.125275599007453791614        0.126886407111282459734         4.65725527319335877963E-0002  -5.46409618470190547651E-0003   1.11629970782065254705E-0003
   2.79627824950835143933E-0002   6.23389998015362453464E-0002   9.40365721758552727604E-0002  0.115164204483118664490        0.133480105172269679738        0.133608996624472814088        0.135239708936815761976        0.111334061022460219562        0.101250732442946980465         3.13950923662261805115E-0002  -2.27995563673762409723E-0003
   2.77515346650022773700E-0002   6.30800600574307986822E-0002   9.25749694015836806576E-0002  0.117506161953706881647        0.130099783137805099308        0.138214944551591146206        0.129129530102473341109        0.119497261347378395443         8.94095017147262675745E-0002   6.79334403622872383895E-0002   1.39171417790434314605E-0002
