   9.73089411486326197587E-0003   2.24071133828393655243E-0002   3.45222713688211492202E-0002   4.57450108112258705180E-0002   5.57833227736670684208E-0002   6.43769812696681362763E-0002   7.13033510868033061850E-0002   7.63830210329298339025E-0002   7.94844216969771739397E-0002   8.05272249243918479905E-0002   7.94844216969771739397E-0002   7.63830210329298339025E-0002   7.13033510868033061850E-0002   6.43769812696681362763E-0002   5.57833227736670684208E-0002   4.57450108112258705180E-0002   3.45222713688211492202E-0002   2.24071133828393655243E-0002   9.73089411486326197587E-0003
   3.79657807820782253931E-0003   1.98959239325846079906E-0002   4.84220481925911003262E-0002   8.86426717314286724872E-0002  0.139516911332385304818        0.199727347669159492909        0.267714629312019527802        0.341717950018185084155        0.419820677179887312170        0.500000000000000000000        0.580179322820112687857        0.658282049981814915845        0.732285370687980472198        0.800272652330840507091        0.860483088667614695209        0.911357328268571327513        0.951577951807408899674        0.980104076067415392009        0.996203421921792177461      
   4.86544705743158310050E-0003  -1.83554480674763829920E-0003   1.38529125687045745762E-0003  -1.14031271851211462430E-0003   9.70505999458081424685E-0004  -8.38181586071175774952E-0004   7.27742862106637578656E-0004  -6.31501736301821097011E-0004   5.45274918899311126809E-0004  -4.66660818319685382622E-0004   3.94258026148545663233E-0004  -3.27273334153617151596E-0004   2.65311942009513453539E-0004  -2.08262866094120575961E-0004   1.56241571946939370244E-0004  -1.09576646685597721864E-0004   6.88485006242632939727E-0005  -3.50323064072713418960E-0005   1.00027620054643847447E-0005
   1.05280290180682421731E-0002   1.12035566914243558022E-0002  -3.00493553325931907799E-0003   2.06777252998284679916E-0003  -1.63678543872611007891E-0003   1.36242166275367252023E-0003  -1.15790973991603463640E-0003   9.91343819722338724039E-0004  -8.48307605048939852701E-0004   7.21448670620339180596E-0004  -6.06753105869456304691E-0004   5.01978963966348711817E-0004  -4.05919469462195556837E-0004   3.18031957921839520309E-0004  -2.38251090856104654301E-0004   1.66915289696354772378E-0004  -1.04795772759196525143E-0004   5.32968094679996441620E-0005  -1.52137251427277173731E-0005
   9.34041799598727711617E-0003   2.43575044936362037256E-0002   1.72611356844102959380E-0002  -4.03921496776556565399E-0003   2.60857600665401630306E-0003  -1.99007437956008560305E-0003   1.61472099416069822183E-0003  -1.34452862347592315187E-0003   1.12998079976989824398E-0003  -9.49224690555246066010E-0004   7.91353204423546155737E-0004  -6.50526557325408463034E-0004   5.23544333866857194057E-0004  -4.08728063921551865171E-0004   3.05377397248629013697E-0004  -2.13520569491602956630E-0004   1.33867616447124188598E-0004  -6.80190111818565160754E-0005   1.94065292629316110414E-0005
   9.97346182060515248501E-0003   2.13942638347218688546E-0002   3.75705354912108129947E-0002   2.28725054056116518228E-0002  -4.95258247067575668494E-0003   3.05371344098785197079E-0003  -2.25634431906581285160E-0003   1.78550645275092729723E-0003  -1.45459554626385998251E-0003   1.19712590480873750698E-0003  -9.83966164947898442608E-0004   8.00681342952982282942E-0004  -6.39603481550125155207E-0004   4.96578633173901833449E-0004  -3.69489897667533332335E-0004   2.57567979657711415585E-0004  -1.61137027013334939818E-0004   8.17595133377855358459E-0005  -2.33091812079697353400E-0005
   9.56159815598001307692E-0003   2.30645793616648910732E-0002   3.29079184706747534537E-0002   4.98063669191025100667E-0002   2.78916613868322781656E-0002  -5.73050922070670576604E-0003   3.40672254663272614066E-0003  -2.44682004063421436504E-0003   1.88970848373684369195E-0003  -1.50475397817640942275E-0003   1.21002843663115768895E-0003  -9.69740677857242387563E-0004   7.66220407720810062818E-0004  -5.90140697923746587229E-0004   4.36530379109093032066E-0004  -3.02999508150831960565E-0004   1.88986974126564056515E-0004  -9.57009898471072138527E-0005   2.72549234674358119574E-0005
   9.85758934197847648415E-0003   2.19329076019868905993E-0002   3.55894523148728626946E-0002   4.35751023809547403496E-0002   6.07488685201679449168E-0002   3.21884906348320108069E-0002  -6.35600932535483932354E-0003   3.66399299539078269964E-0003  -2.56361069493107850569E-0003   1.93252627147363765110E-0003  -1.50200111202238489206E-0003   1.17674453912747356883E-0003  -9.15214222029132617742E-0004   6.96979096671190532991E-0004  -5.11363042890365857365E-0004   3.52858964417833848692E-0004  -2.19181155445047687094E-0004   1.10694506017189961610E-0004  -3.14799460622514818339E-0005
   9.63157776259879626310E-0003   2.27709870919235962577E-0002   3.37404871259259601731E-0002   4.71925794555625161738E-0002   5.31181141891820478855E-0002   7.01155712104136814419E-0002   3.56516755433996949488E-0002  -6.81426170371612298143E-0003   3.82135686925949034292E-0003  -2.60698491453295212803E-0003   1.91667510956308913071E-0003  -1.45056528657287653451E-0003   1.10249829299130800770E-0003  -8.26310796495260912821E-0004   5.99443359508205906968E-0004  -4.10340716564549220956E-0004   2.53479525041661064988E-0004  -1.27560394257973539764E-0004   3.62075887844448002904E-0005
   9.81134493293803580896E-0003   2.21163006725162666813E-0002   3.51299480667994245226E-0002   4.46756892410622003417E-0002   5.75702611567011926792E-0002   6.12889022012210145269E-0002   7.76644466298558604588E-0002   3.81915105164611281695E-0002  -7.09408254012234533377E-0003   3.87600449007488960128E-0003  -2.57753510563517761671E-0003   1.84461966032041315601E-0003  -1.35409891496969780484E-0003   9.91781421186821052939E-0004  -7.08211805557272794222E-0004   4.79519874893799711361E-0004  -2.94013696249627815612E-0004   1.47256542216986828843E-0004  -4.16933255349174810003E-0005
   9.66413873832278738034E-0003   2.26462561517571170008E-0002   3.40314896158916918563E-0002   4.65821621368435775964E-0002   5.44570978852456044347E-0002   6.64533317565520952687E-0002   6.78753139361344775993E-0002   8.32002997436848999315E-0002   3.97422108484854991993E-0002  -7.18858310974171074878E-0003   3.82719456628718593500E-0003  -2.47696232775635294312E-0003   1.71939803220232288081E-0003  -1.21651885226449161994E-0003   8.49215549472785765572E-0004  -5.66293896243366957534E-0004   3.43706470883703396160E-0004  -1.71047173123408140055E-0004   4.82671072454131281882E-0005
   9.78728531690356325062E-0003   2.22063665897243271357E-0002   3.49292069410866791320E-0002   4.50649608342208462814E-0002   5.68257053584203054116E-0002   6.28320353498413180054E-0002   7.36117227066317664848E-0002   7.27064888692149176164E-0002   8.65799148278403763539E-0002   4.02636124621905740742E-0002  -7.09549313086154271284E-0003   3.67653216371336661178E-0003  -2.30837161982685662544E-0003   1.54494591982509047090E-0003  -1.04238258475144049268E-0003   6.80049977001865386816E-0004  -4.06935572262520466306E-0004   2.00746793120827198198E-0004  -5.63912020423730930640E-0005
   9.68262700761608186063E-0003   2.25781605559671955275E-0002   3.41785648979407921627E-0002   4.63113047074660613859E-0002   5.49341072241961302943E-0002   6.55935001219308531475E-0002   6.95839530546026374723E-0002   7.88599833606845769998E-0002   7.56572271306916060464E-0002   8.77158080341320206045E-0002   3.97422108484838776835E-0002  -6.81727871075607412266E-0003   3.42803715067012321505E-0003  -2.07635048688541814174E-0003   1.32622488842298904757E-0003  -8.37151325620577456283E-0004   4.90781752931844390703E-0004  -2.39142768910548356400E-0004   6.67553765381772768798E-0005
   9.77258744039674244982E-0003   2.22598568406256131887E-0002   3.48162850650740823140E-0002   4.52654909363292206963E-0002   5.64915345792259209913E-0002   6.33851998484798543013E-0002   7.26574500017742815443E-0002   7.45384013726082808382E-0002   8.20619568026133485046E-0002   7.66512204343161565785E-0002   8.65785042371002440986E-0002   3.81915105164583467945E-0002  -6.36109554305070547321E-0003   3.08807906844558448177E-0003  -1.78693838303273718497E-0003   1.06932157016110752808E-0003  -6.07676697976571443673E-0004   2.90812710331569814037E-0004  -8.04508180771548421970E-0005
   9.69468652607772255663E-0003   2.25346737770995371501E-0002   3.42687918437825788231E-0002   4.61553515277878889268E-0002   5.51838794141603367009E-0002   6.52032920661619631920E-0002   7.02008527938133404062E-0002   7.78335863195013967966E-0002   7.75677465874154085975E-0002   8.31342098389234047996E-0002   7.56630648277193047880E-0002   8.31972827366441966635E-0002   3.56516755433953148568E-0002  -5.73858994074545854967E-0003   2.66520858448536741795E-0003  -1.44756864433834644580E-0003   7.81784242895943547245E-0004  -3.63873709074607246093E-0004   9.93163522621298201179E-0005
   9.76237406092470653776E-0003   2.22964188768236502999E-0002   3.47414525242686849172E-0002   4.53921518468062055517E-0002   5.62946858165583375431E-0002   6.36800021729961563093E-0002   7.22185653088330430487E-0002   7.52062764938019165365E-0002   8.09864228089998316107E-0002   7.85946986529181338939E-0002   8.20480323919080693274E-0002   7.27190280375397412425E-0002   7.76593604121570473418E-0002   3.21884906348267011098E-0002  -4.96554574649931605333E-0003   2.16990843026913440926E-0003  -1.06718094605117821405E-0003   4.74205780862643492784E-0004  -1.26695227117262731408E-0004
   9.70363919139529811396E-0003   2.25028143726873088022E-0002   3.43332843946966032671E-0002   4.60480103193751860620E-0002   5.53467923945588935790E-0002   6.49671219675909391577E-0002   7.05371306790834198634E-0002   7.73527617107861318121E-0002   7.82743932603470062530E-0002   8.20319789025671849619E-0002   7.75947132132415448238E-0002   7.88298410735625802585E-0002   6.78966285401727619216E-0002   7.01074904903719446319E-0002   2.78916613868264016594E-0002  -4.06135610787642066948E-0003   1.61435289814573541307E-0003  -6.57465978814646689911E-0004   1.69295958881488149128E-0004
   9.75420329607088510971E-0003   2.23253538695021183033E-0002   3.46834083958356911661E-0002   4.54874428315674277857E-0002   5.61528126713348270882E-0002   6.38804026364941145976E-0002   7.19429545683533904526E-0002   7.55823396899770491334E-0002   8.04683878619247037748E-0002   7.93300990195836707545E-0002   8.09390172432402454133E-0002   7.45975145801799965485E-0002   7.35596954058675877027E-0002   6.13232678286830555555E-0002   6.07359052443384445080E-0002   2.28725054056056362440E-0002  -3.04826412238842535599E-0003   1.01284954812767358804E-0003  -2.42567705743005388059E-0004
   9.71148758560017226450E-0003   2.24751323940213944654E-0002   3.43884037523748960588E-0002   4.59585313807167826540E-0002   5.54779453764189723727E-0002   6.47857093335890693174E-0002   7.07798067529371370307E-0002   7.70335475902544628463E-0002   7.86930684925545150069E-0002   8.14764496149460772789E-0002   7.83544408972084516430E-0002   7.77275496564043764236E-0002   6.96886300926442847048E-0002   6.63670556492261078986E-0002   5.31747467670169484454E-0002   4.97842257789833614150E-0002   1.72611356844051627912E-0002  -1.95039111078518655304E-0003   3.90476118874956381648E-0004
   9.74610784000590810749E-0003   2.23538165733714918031E-0002   3.46270671415805867538E-0002   4.55780955215294317440E-0002   5.60215738645231043178E-0002   6.40589493117464268417E-0002   7.17092705562652912670E-0002   7.58810420689637786114E-0002   8.00911748028462470536E-0002   7.98057762537719897055E-0002   8.03327293020255245890E-0002   7.53916772132082082500E-0002   7.24612608267184827134E-0002   6.30145596069155149600E-0002   5.74201082123920273774E-0002   4.36772382812453672428E-0002   3.75272069020705455139E-0002   1.12035566914230571093E-0002  -7.97134903205057437240E-0004
   9.72089135285777475204E-0003   2.24421456892466860704E-0002   3.44534228681968814794E-0002   4.58545874579115339747E-0002   5.56270812017199990437E-0002   6.45852441357624376417E-0002   7.10380391447935533546E-0002   7.67102943670837535270E-0002   7.90901636708282570334E-0002   8.09938857427119799105E-0002   7.89391467780773327281E-0002   7.70145227692322798950E-0002   7.05756082246959326728E-0002   6.52151628557401881581E-0002   5.48128167742079393497E-0002   4.68853235297394877859E-0002   3.31369801119479901021E-0002   2.42426581895884071257E-0002   4.86544705743201046124E-0003
